"streams","minimum","mean","maximum","site","dp.name","term.name","location"
"NEON.D18.BARR.DP0.00001.001.01310.000.010.000",4,4,4,"BARR","2D Wind Speed and Direction","2dWindSensorStatus","Meas. Level 1"
"NEON.D18.BARR.DP0.00001.001.01306.000.020.000",1.56,3.47,5.89,"BARR","2D Wind Speed and Direction","uVectorComponent","Meas. Level 2"
"NEON.D18.BARR.DP0.00001.001.01307.000.020.000",2.54,6.06,10.77,"BARR","2D Wind Speed and Direction","vVectorComponent","Meas. Level 2"
"NEON.D18.BARR.DP0.00001.001.01310.000.020.000",60,60.01,62,"BARR","2D Wind Speed and Direction","2dWindSensorStatus","Meas. Level 2"
"NEON.D18.BARR.DP0.00001.001.01306.000.030.000",1.54,3.52,5.81,"BARR","2D Wind Speed and Direction","uVectorComponent","Meas. Level 3"
"NEON.D18.BARR.DP0.00001.001.01307.000.030.000",3.33,7.05,12.76,"BARR","2D Wind Speed and Direction","vVectorComponent","Meas. Level 3"
"NEON.D18.BARR.DP0.00001.001.01310.000.030.000",60,60.01,63,"BARR","2D Wind Speed and Direction","2dWindSensorStatus","Meas. Level 3"
"NEON.D18.BARR.DP0.00002.001.01325.000.010.000",93.37,93.46,93.66,"BARR","Single Aspirated Air Temperature","PRTResistance","Meas. Level 1"
"NEON.D18.BARR.DP0.00002.001.01326.000.010.000",0,0,0,"BARR","Single Aspirated Air Temperature","fanSpeed","Meas. Level 1"
"NEON.D18.BARR.DP0.00002.001.01330.000.010.000",0,0,0,"BARR","Single Aspirated Air Temperature","turbineSpeed","Meas. Level 1"
"NEON.D18.BARR.DP0.00002.001.01325.000.020.000",89.27,90.5,91.95,"BARR","Single Aspirated Air Temperature","PRTResistance","Meas. Level 2"
"NEON.D18.BARR.DP0.00002.001.01326.000.020.000",0,0,0,"BARR","Single Aspirated Air Temperature","fanSpeed","Meas. Level 2"
"NEON.D18.BARR.DP0.00002.001.01330.000.020.000",0,0,0,"BARR","Single Aspirated Air Temperature","turbineSpeed","Meas. Level 2"
"NEON.D18.BARR.DP0.00002.001.01325.000.030.000",89.54,90.63,91.99,"BARR","Single Aspirated Air Temperature","PRTResistance","Meas. Level 3"
"NEON.D18.BARR.DP0.00002.001.01326.000.030.000",3764.94,3785.43,3810.03,"BARR","Single Aspirated Air Temperature","fanSpeed","Meas. Level 3"
"NEON.D18.BARR.DP0.00002.001.01330.000.030.000",0,0,0,"BARR","Single Aspirated Air Temperature","turbineSpeed","Meas. Level 3"
"NEON.D18.BARR.DP0.00003.001.01325.000.040.101",89.75,90.7,91.95,"BARR","Triple Aspirated Air Temperature","PRTResistance","Meas. Level 4"
"NEON.D18.BARR.DP0.00003.001.01326.000.040.000",3764.92,3780.7,3810.02,"BARR","Triple Aspirated Air Temperature","fanSpeed","Meas. Level 4"
"NEON.D18.BARR.DP0.00003.001.01330.000.040.000",0,8.92,180,"BARR","Triple Aspirated Air Temperature","turbineSpeed","Meas. Level 4"
"NEON.D18.BARR.DP0.00003.001.01325.000.040.102",89.7,90.66,91.9,"BARR","Triple Aspirated Air Temperature","PRTResistance","Meas. Level 4"
"NEON.D18.BARR.DP0.00003.001.01325.000.040.103",89.71,90.66,91.91,"BARR","Triple Aspirated Air Temperature","PRTResistance","Meas. Level 4"
"NEON.D18.BARR.DP0.00004.001.01309.000.035.000",-25.95,-23.25,-19.86,"BARR","Barometric Pressure","sensorTemp","Meas. Level 3.5"
"NEON.D18.BARR.DP0.00004.001.01311.000.035.000",101,101.28,101.61,"BARR","Barometric Pressure","rawBarometricPressure","Meas. Level 3.5"
"NEON.D18.BARR.DP0.00004.001.01312.000.035.000",0,0,0,"BARR","Barometric Pressure","sensorStatus","Meas. Level 3.5"
"NEON.D18.BARR.DP0.00005.001.01313.000.010.000",0,0,0,"BARR","IR Biological Temperature","infraredThermopileOutput","Meas. Level 1"
"NEON.D18.BARR.DP0.00005.001.01314.000.010.000",600.19,601,601.64,"BARR","IR Biological Temperature","sensorResistance","Meas. Level 1"
"NEON.D18.BARR.DP0.00005.001.01313.000.020.000",0,0,0,"BARR","IR Biological Temperature","infraredThermopileOutput","Meas. Level 2"
"NEON.D18.BARR.DP0.00005.001.01314.000.020.000",600.2,600.92,601.53,"BARR","IR Biological Temperature","sensorResistance","Meas. Level 2"
"NEON.D18.BARR.DP0.00005.001.01313.003.000.000",0,0,0,"BARR","IR Biological Temperature","infraredThermopileOutput","Soil Plot 3"
"NEON.D18.BARR.DP0.00005.001.01314.003.000.000",600.74,601,601.11,"BARR","IR Biological Temperature","sensorResistance","Soil Plot 3"
"NEON.D18.BARR.DP0.00006.001.02080.000.040.000",0,0.09,0.33,"BARR","Precipitation","heaterMonitor","Meas. Level 4"
"NEON.D18.BARR.DP0.00014.001.01332.000.040.000",0.6,95.61,324.2,"BARR","Shortwave Radiation (Direct and Diffuse Pyranometer)","rawShortwaveRadiationGlobal","Meas. Level 4"
"NEON.D18.BARR.DP0.00014.001.01333.000.040.000",0,49.51,235.3,"BARR","Shortwave Radiation (Direct and Diffuse Pyranometer)","rawShortwaveRadiationDiffuse","Meas. Level 4"
"NEON.D18.BARR.DP0.00014.001.01334.000.040.000",0,0.39,1,"BARR","Shortwave Radiation (Direct and Diffuse Pyranometer)","sunPresence","Meas. Level 4"
"NEON.D18.BARR.DP0.00023.001.01314.003.000.000",90.38,91.05,92.68,"BARR","Shortwave/Longwave Net Radiation","sensorResistance","Soil Plot 3"
"NEON.D18.BARR.DP0.00023.001.01317.003.000.000",0,0,0,"BARR","Shortwave/Longwave Net Radiation","inNetRadPyrgeometer","Soil Plot 3"
"NEON.D18.BARR.DP0.00023.001.01318.003.000.000",0,0,0,"BARR","Shortwave/Longwave Net Radiation","outNetRadPyrgeometer","Soil Plot 3"
"NEON.D18.BARR.DP0.00023.001.01319.003.000.000",0,0.21,1,"BARR","Shortwave/Longwave Net Radiation","heaterFlag","Soil Plot 3"
"NEON.D18.BARR.DP0.00023.001.01314.000.040.000",89.62,91.44,92.83,"BARR","Shortwave/Longwave Net Radiation","sensorResistance","Meas. Level 4"
"NEON.D18.BARR.DP0.00023.001.01315.000.040.000",0,0,0.01,"BARR","Shortwave/Longwave Net Radiation","inNetRadPyranometer","Meas. Level 4"
"NEON.D18.BARR.DP0.00023.001.01316.000.040.000",0,0,0.01,"BARR","Shortwave/Longwave Net Radiation","outNetRadPyranometer","Meas. Level 4"
"NEON.D18.BARR.DP0.00023.001.01317.000.040.000",0,0,0,"BARR","Shortwave/Longwave Net Radiation","inNetRadPyrgeometer","Meas. Level 4"
"NEON.D18.BARR.DP0.00023.001.01318.000.040.000",0,0,0,"BARR","Shortwave/Longwave Net Radiation","outNetRadPyrgeometer","Meas. Level 4"
"NEON.D18.BARR.DP0.00023.001.01319.000.040.000",0,0.93,1,"BARR","Shortwave/Longwave Net Radiation","heaterFlag","Meas. Level 4"
"NEON.D18.BARR.DP0.00024.001.01320.000.010.000",0,0,0,"BARR","Photosynthetically Active Radiation","inPAR","Meas. Level 1"
"NEON.D18.BARR.DP0.00024.001.01320.000.020.000",0,0,0,"BARR","Photosynthetically Active Radiation","inPAR","Meas. Level 2"
"NEON.D18.BARR.DP0.00024.001.01320.000.030.000",0,0,0,"BARR","Photosynthetically Active Radiation","inPAR","Meas. Level 3"
"NEON.D18.BARR.DP0.00024.001.01320.000.040.000",0,0,0,"BARR","Photosynthetically Active Radiation","inPAR","Meas. Level 4"
"NEON.D18.BARR.DP0.00024.001.01321.000.040.000",0,0,0,"BARR","Photosynthetically Active Radiation","outPAR","Meas. Level 4"
"NEON.D18.BARR.DP0.00040.001.01798.001.501.000",0,0,0.01,"BARR","Soil heat flux plate","SHFVoltage","Soil Plot 1, depth 1"
"NEON.D18.BARR.DP0.00040.001.01799.001.501.000",0,0.02,1,"BARR","Soil heat flux plate","SHFCalHeaterFlag","Soil Plot 1, depth 1"
"NEON.D18.BARR.DP0.00040.001.01800.001.501.000",0,0.01,0.57,"BARR","Soil heat flux plate","curVoltage","Soil Plot 1, depth 1"
"NEON.D18.BARR.DP0.00040.001.01798.003.501.000",-0.05,-0.03,-0.03,"BARR","Soil heat flux plate","SHFVoltage","Soil Plot 3, depth 1"
"NEON.D18.BARR.DP0.00040.001.01799.003.501.000",0,0.02,1,"BARR","Soil heat flux plate","SHFCalHeaterFlag","Soil Plot 3, depth 1"
"NEON.D18.BARR.DP0.00040.001.01800.003.501.000",0,0.01,0.56,"BARR","Soil heat flux plate","curVoltage","Soil Plot 3, depth 1"
"NEON.D18.BARR.DP0.00040.001.01798.005.501.000",0,0,0.01,"BARR","Soil heat flux plate","SHFVoltage","Soil Plot 5, depth 1"
"NEON.D18.BARR.DP0.00040.001.01799.005.501.000",0,0.02,1,"BARR","Soil heat flux plate","SHFCalHeaterFlag","Soil Plot 5, depth 1"
"NEON.D18.BARR.DP0.00040.001.01800.005.501.000",0,0.01,0.58,"BARR","Soil heat flux plate","curVoltage","Soil Plot 5, depth 1"
"NEON.D18.BARR.DP0.00041.001.01728.001.501.000",95.08,95.11,95.16,"BARR","Soil temperature","soilPRTResistance","Soil Plot 1, depth 1"
"NEON.D18.BARR.DP0.00041.001.01728.001.502.000",95.22,95.25,95.3,"BARR","Soil temperature","soilPRTResistance","Soil Plot 1, depth 2"
"NEON.D18.BARR.DP0.00041.001.01728.001.503.000",-1249.92,263.06,1249.91,"BARR","Soil temperature","soilPRTResistance","Soil Plot 1, depth 3"
"NEON.D18.BARR.DP0.00041.001.01728.001.504.000",95.75,95.79,95.82,"BARR","Soil temperature","soilPRTResistance","Soil Plot 1, depth 4"
"NEON.D18.BARR.DP0.00041.001.01728.001.505.000",95.9,95.93,95.96,"BARR","Soil temperature","soilPRTResistance","Soil Plot 1, depth 5"
"NEON.D18.BARR.DP0.00041.001.01728.001.506.000",96.12,96.14,96.16,"BARR","Soil temperature","soilPRTResistance","Soil Plot 1, depth 6"
"NEON.D18.BARR.DP0.00041.001.01728.001.507.000",96.25,96.27,96.28,"BARR","Soil temperature","soilPRTResistance","Soil Plot 1, depth 7"
"NEON.D18.BARR.DP0.00041.001.01728.001.508.000",96.61,96.62,96.62,"BARR","Soil temperature","soilPRTResistance","Soil Plot 1, depth 8"
"NEON.D18.BARR.DP0.00041.001.01728.001.509.000",96.64,96.64,96.64,"BARR","Soil temperature","soilPRTResistance","Soil Plot 1, depth 9"
"NEON.D18.BARR.DP0.00041.001.01728.002.501.000",95.35,95.39,95.44,"BARR","Soil temperature","soilPRTResistance","Soil Plot 2, depth 1"
"NEON.D18.BARR.DP0.00041.001.01728.002.502.000",95.44,95.48,95.53,"BARR","Soil temperature","soilPRTResistance","Soil Plot 2, depth 2"
"NEON.D18.BARR.DP0.00041.001.01728.002.503.000",-1249.69,377.58,1249.67,"BARR","Soil temperature","soilPRTResistance","Soil Plot 2, depth 3"
"NEON.D18.BARR.DP0.00041.001.01728.002.504.000",-1249.69,378.75,1249.67,"BARR","Soil temperature","soilPRTResistance","Soil Plot 2, depth 4"
"NEON.D18.BARR.DP0.00041.001.01728.002.505.000",-1249.69,390.44,1249.67,"BARR","Soil temperature","soilPRTResistance","Soil Plot 2, depth 5"
"NEON.D18.BARR.DP0.00041.001.01728.002.506.000",96.29,96.31,96.34,"BARR","Soil temperature","soilPRTResistance","Soil Plot 2, depth 6"
"NEON.D18.BARR.DP0.00041.001.01728.002.507.000",96.47,96.48,96.49,"BARR","Soil temperature","soilPRTResistance","Soil Plot 2, depth 7"
"NEON.D18.BARR.DP0.00041.001.01728.002.508.000",96.57,96.58,96.58,"BARR","Soil temperature","soilPRTResistance","Soil Plot 2, depth 8"
"NEON.D18.BARR.DP0.00041.001.01728.002.509.000",97.07,97.07,97.07,"BARR","Soil temperature","soilPRTResistance","Soil Plot 2, depth 9"
"NEON.D18.BARR.DP0.00041.001.01728.003.501.000",95.18,95.22,95.26,"BARR","Soil temperature","soilPRTResistance","Soil Plot 3, depth 1"
"NEON.D18.BARR.DP0.00041.001.01728.003.502.000",95.35,95.39,95.44,"BARR","Soil temperature","soilPRTResistance","Soil Plot 3, depth 2"
"NEON.D18.BARR.DP0.00041.001.01728.003.503.000",95.56,95.6,95.64,"BARR","Soil temperature","soilPRTResistance","Soil Plot 3, depth 3"
"NEON.D18.BARR.DP0.00041.001.01728.003.504.000",95.65,95.68,95.72,"BARR","Soil temperature","soilPRTResistance","Soil Plot 3, depth 4"
"NEON.D18.BARR.DP0.00041.001.01728.003.505.000",95.88,95.91,95.95,"BARR","Soil temperature","soilPRTResistance","Soil Plot 3, depth 5"
"NEON.D18.BARR.DP0.00041.001.01728.003.506.000",96.09,96.12,96.15,"BARR","Soil temperature","soilPRTResistance","Soil Plot 3, depth 6"
"NEON.D18.BARR.DP0.00041.001.01728.003.507.000",96.43,96.45,96.47,"BARR","Soil temperature","soilPRTResistance","Soil Plot 3, depth 7"
"NEON.D18.BARR.DP0.00041.001.01728.003.508.000",96.7,96.71,96.71,"BARR","Soil temperature","soilPRTResistance","Soil Plot 3, depth 8"
"NEON.D18.BARR.DP0.00041.001.01728.003.509.000",96.91,96.91,96.92,"BARR","Soil temperature","soilPRTResistance","Soil Plot 3, depth 9"
"NEON.D18.BARR.DP0.00041.001.01728.004.501.000",-1250.06,387.03,1250.03,"BARR","Soil temperature","soilPRTResistance","Soil Plot 4, depth 1"
"NEON.D18.BARR.DP0.00041.001.01728.004.502.000",94.68,94.72,94.76,"BARR","Soil temperature","soilPRTResistance","Soil Plot 4, depth 2"
"NEON.D18.BARR.DP0.00041.001.01728.004.503.000",95.68,95.77,95.84,"BARR","Soil temperature","soilPRTResistance","Soil Plot 4, depth 3"
"NEON.D18.BARR.DP0.00041.001.01728.004.504.000",95.35,95.39,95.44,"BARR","Soil temperature","soilPRTResistance","Soil Plot 4, depth 4"
"NEON.D18.BARR.DP0.00041.001.01728.004.505.000",95.51,95.55,95.59,"BARR","Soil temperature","soilPRTResistance","Soil Plot 4, depth 5"
"NEON.D18.BARR.DP0.00041.001.01728.004.506.000",95.74,95.77,95.8,"BARR","Soil temperature","soilPRTResistance","Soil Plot 4, depth 6"
"NEON.D18.BARR.DP0.00041.001.01728.004.507.000",96.03,96.05,96.07,"BARR","Soil temperature","soilPRTResistance","Soil Plot 4, depth 7"
"NEON.D18.BARR.DP0.00041.001.01728.004.508.000",96.37,96.37,96.38,"BARR","Soil temperature","soilPRTResistance","Soil Plot 4, depth 8"
"NEON.D18.BARR.DP0.00041.001.01728.004.509.000",96.4,96.4,96.41,"BARR","Soil temperature","soilPRTResistance","Soil Plot 4, depth 9"
"NEON.D18.BARR.DP0.00041.001.01728.005.501.000",94.39,94.41,94.44,"BARR","Soil temperature","soilPRTResistance","Soil Plot 5, depth 1"
"NEON.D18.BARR.DP0.00041.001.01728.005.502.000",94.69,94.7,94.72,"BARR","Soil temperature","soilPRTResistance","Soil Plot 5, depth 2"
"NEON.D18.BARR.DP0.00041.001.01728.005.503.000",95.14,95.16,95.19,"BARR","Soil temperature","soilPRTResistance","Soil Plot 5, depth 3"
"NEON.D18.BARR.DP0.00041.001.01728.005.504.000",95.37,95.4,95.44,"BARR","Soil temperature","soilPRTResistance","Soil Plot 5, depth 4"
"NEON.D18.BARR.DP0.00041.001.01728.005.505.000",95.51,95.55,95.59,"BARR","Soil temperature","soilPRTResistance","Soil Plot 5, depth 5"
"NEON.D18.BARR.DP0.00041.001.01728.005.506.000",25.25,30.39,49.88,"BARR","Soil temperature","soilPRTResistance","Soil Plot 5, depth 6"
"NEON.D18.BARR.DP0.00041.001.01728.005.507.000",96.07,96.09,96.11,"BARR","Soil temperature","soilPRTResistance","Soil Plot 5, depth 7"
"NEON.D18.BARR.DP0.00041.001.01728.005.508.000",96.31,96.32,96.33,"BARR","Soil temperature","soilPRTResistance","Soil Plot 5, depth 8"
"NEON.D18.BARR.DP0.00041.001.01728.005.509.000",96.62,96.63,96.63,"BARR","Soil temperature","soilPRTResistance","Soil Plot 5, depth 9"
"NEON.D18.BARR.DP0.00066.001.01329.001.000.000",0,0,0,"BARR","Photosynthetically active radiation (Quantum Line)","linePAR","Soil Plot 1"
"NEON.D18.BARR.DP0.00066.001.01329.003.000.000",0,0,0,"BARR","Photosynthetically active radiation (Quantum Line)","linePAR","Soil Plot 3"
"NEON.D18.BARR.DP0.00066.001.01329.005.000.000",0,0,0,"BARR","Photosynthetically active radiation (Quantum Line)","linePAR","Soil Plot 5"
"NEON.D18.BARR.DP0.00094.001.02081.003.501.000",0,0,0,"BARR","Soil water and salinity","rawVSWC0","Soil Plot 3, depth 1"
"NEON.D18.BARR.DP0.00094.001.02082.003.501.000",0,0,0,"BARR","Soil water and salinity","rawVSIC0","Soil Plot 3, depth 1"
"NEON.D18.BARR.DP0.00094.001.02083.003.501.000",0,0,0,"BARR","Soil water and salinity","rawVSWC1","Soil Plot 3, depth 1"
"NEON.D18.BARR.DP0.00094.001.02084.003.501.000",0,0,0,"BARR","Soil water and salinity","rawVSIC1","Soil Plot 3, depth 1"
"NEON.D18.BARR.DP0.00094.001.02085.003.501.000",0,0,0,"BARR","Soil water and salinity","rawVSWC2","Soil Plot 3, depth 1"
"NEON.D18.BARR.DP0.00094.001.02086.003.501.000",0,0,0,"BARR","Soil water and salinity","rawVSIC2","Soil Plot 3, depth 1"
"NEON.D18.BARR.DP0.00094.001.02087.003.501.000",0,0,0,"BARR","Soil water and salinity","rawVSWC3","Soil Plot 3, depth 1"
"NEON.D18.BARR.DP0.00094.001.02088.003.501.000",0,0,0,"BARR","Soil water and salinity","rawVSIC3","Soil Plot 3, depth 1"
"NEON.D18.BARR.DP0.00094.001.02089.003.501.000",0,0,0,"BARR","Soil water and salinity","rawVSWC4","Soil Plot 3, depth 1"
"NEON.D18.BARR.DP0.00094.001.02090.003.501.000",0,0,0,"BARR","Soil water and salinity","rawVSIC4","Soil Plot 3, depth 1"
"NEON.D18.BARR.DP0.00094.001.02091.003.501.000",0,0,0,"BARR","Soil water and salinity","rawVSWC5","Soil Plot 3, depth 1"
"NEON.D18.BARR.DP0.00094.001.02092.003.501.000",0,0,0,"BARR","Soil water and salinity","rawVSIC5","Soil Plot 3, depth 1"
"NEON.D18.BARR.DP0.00094.001.02081.004.501.000",1.27,1.27,1.28,"BARR","Soil water and salinity","rawVSWC0","Soil Plot 4, depth 1"
"NEON.D18.BARR.DP0.00094.001.02082.004.501.000",710.86,770.65,784.28,"BARR","Soil water and salinity","rawVSIC0","Soil Plot 4, depth 1"
"NEON.D18.BARR.DP0.00094.001.02083.004.501.000",2.4,2.41,2.42,"BARR","Soil water and salinity","rawVSWC1","Soil Plot 4, depth 1"
"NEON.D18.BARR.DP0.00094.001.02084.004.501.000",828.23,831.82,834.91,"BARR","Soil water and salinity","rawVSIC1","Soil Plot 4, depth 1"
"NEON.D18.BARR.DP0.00094.001.02085.004.501.000",3.84,3.88,3.94,"BARR","Soil water and salinity","rawVSWC2","Soil Plot 4, depth 1"
"NEON.D18.BARR.DP0.00094.001.02086.004.501.000",168.59,1144.03,1777.34,"BARR","Soil water and salinity","rawVSIC2","Soil Plot 4, depth 1"
"NEON.D18.BARR.DP0.00094.001.02087.004.501.000",5.84,5.86,5.89,"BARR","Soil water and salinity","rawVSWC3","Soil Plot 4, depth 1"
"NEON.D18.BARR.DP0.00094.001.02088.004.501.000",1105.64,1109.14,1112.21,"BARR","Soil water and salinity","rawVSIC3","Soil Plot 4, depth 1"
"NEON.D18.BARR.DP0.00094.001.02089.004.501.000",1.73,1.73,1.74,"BARR","Soil water and salinity","rawVSWC4","Soil Plot 4, depth 1"
"NEON.D18.BARR.DP0.00094.001.02090.004.501.000",638.38,648.71,652.52,"BARR","Soil water and salinity","rawVSIC4","Soil Plot 4, depth 1"
"NEON.D18.BARR.DP0.00094.001.02091.004.501.000",0.88,0.88,0.91,"BARR","Soil water and salinity","rawVSWC5","Soil Plot 4, depth 1"
"NEON.D18.BARR.DP0.00094.001.02092.004.501.000",478.21,480.68,484.08,"BARR","Soil water and salinity","rawVSIC5","Soil Plot 4, depth 1"
"NEON.D18.BARR.DP0.00094.001.02093.004.501.000",1.94,1.95,1.95,"BARR","Soil water and salinity","rawVSWC6","Soil Plot 4, depth 1"
"NEON.D18.BARR.DP0.00094.001.02094.004.501.000",780.79,783.56,785.37,"BARR","Soil water and salinity","rawVSIC6","Soil Plot 4, depth 1"
"NEON.D18.BARR.DP0.00094.001.02095.004.501.000",3.48,3.48,3.49,"BARR","Soil water and salinity","rawVSWC7","Soil Plot 4, depth 1"
"NEON.D18.BARR.DP0.00094.001.02096.004.501.000",1146.98,1870.87,113248.62,"BARR","Soil water and salinity","rawVSIC7","Soil Plot 4, depth 1"
"NEON.D18.BARR.DP0.00094.001.02081.005.501.000",Inf,NA,-Inf,"BARR","Soil water and salinity","rawVSWC0","Soil Plot 5, depth 1"
"NEON.D18.BARR.DP0.00094.001.02082.005.501.000",Inf,NA,-Inf,"BARR","Soil water and salinity","rawVSIC0","Soil Plot 5, depth 1"
"NEON.D18.BARR.DP0.00094.001.02083.005.501.000",Inf,NA,-Inf,"BARR","Soil water and salinity","rawVSWC1","Soil Plot 5, depth 1"
"NEON.D18.BARR.DP0.00094.001.02084.005.501.000",Inf,NA,-Inf,"BARR","Soil water and salinity","rawVSIC1","Soil Plot 5, depth 1"
"NEON.D18.BARR.DP0.00094.001.02085.005.501.000",Inf,NA,-Inf,"BARR","Soil water and salinity","rawVSWC2","Soil Plot 5, depth 1"
"NEON.D18.BARR.DP0.00094.001.02086.005.501.000",Inf,NA,-Inf,"BARR","Soil water and salinity","rawVSIC2","Soil Plot 5, depth 1"
"NEON.D18.BARR.DP0.00094.001.02087.005.501.000",Inf,NA,-Inf,"BARR","Soil water and salinity","rawVSWC3","Soil Plot 5, depth 1"
"NEON.D18.BARR.DP0.00094.001.02088.005.501.000",Inf,NA,-Inf,"BARR","Soil water and salinity","rawVSIC3","Soil Plot 5, depth 1"
"NEON.D18.BARR.DP0.00094.001.02089.005.501.000",Inf,NA,-Inf,"BARR","Soil water and salinity","rawVSWC4","Soil Plot 5, depth 1"
"NEON.D18.BARR.DP0.00094.001.02090.005.501.000",Inf,NA,-Inf,"BARR","Soil water and salinity","rawVSIC4","Soil Plot 5, depth 1"
"NEON.D18.BARR.DP0.00094.001.02091.005.501.000",Inf,NA,-Inf,"BARR","Soil water and salinity","rawVSWC5","Soil Plot 5, depth 1"
"NEON.D18.BARR.DP0.00094.001.02092.005.501.000",Inf,NA,-Inf,"BARR","Soil water and salinity","rawVSIC5","Soil Plot 5, depth 1"
"NEON.D18.BARR.DP0.00094.001.02093.005.501.000",Inf,NA,-Inf,"BARR","Soil water and salinity","rawVSWC6","Soil Plot 5, depth 1"
"NEON.D18.BARR.DP0.00094.001.02094.005.501.000",Inf,NA,-Inf,"BARR","Soil water and salinity","rawVSIC6","Soil Plot 5, depth 1"
"NEON.D18.BARR.DP0.00094.001.02095.005.501.000",Inf,NA,-Inf,"BARR","Soil water and salinity","rawVSWC7","Soil Plot 5, depth 1"
"NEON.D18.BARR.DP0.00094.001.02096.005.501.000",Inf,NA,-Inf,"BARR","Soil water and salinity","rawVSIC7","Soil Plot 5, depth 1"
"NEON.D18.BARR.DP0.00095.001.01729.001.501.000",542.3,557.49,568.4,"BARR","Soil CO2 concentration","rawCO2","Soil Plot 1, depth 1"
"NEON.D18.BARR.DP0.00095.001.01730.001.501.000",-13.7,-13.67,-13.4,"BARR","Soil CO2 concentration","headspaceTemp","Soil Plot 1, depth 1"
"NEON.D18.BARR.DP0.00095.001.01731.001.501.000",0,0,0,"BARR","Soil CO2 concentration","errorStatus","Soil Plot 1, depth 1"
"NEON.D18.BARR.DP0.00095.001.01729.001.502.000",638.1,652.37,665.5,"BARR","Soil CO2 concentration","rawCO2","Soil Plot 1, depth 2"
"NEON.D18.BARR.DP0.00095.001.01730.001.502.000",-11.4,-11.35,-11.3,"BARR","Soil CO2 concentration","headspaceTemp","Soil Plot 1, depth 2"
"NEON.D18.BARR.DP0.00095.001.01731.001.502.000",0,0,0,"BARR","Soil CO2 concentration","errorStatus","Soil Plot 1, depth 2"
"NEON.D18.BARR.DP0.00095.001.01729.001.503.000",509.5,517.64,525.3,"BARR","Soil CO2 concentration","rawCO2","Soil Plot 1, depth 3"
"NEON.D18.BARR.DP0.00095.001.01730.001.503.000",-10.9,-10.79,-10.6,"BARR","Soil CO2 concentration","headspaceTemp","Soil Plot 1, depth 3"
"NEON.D18.BARR.DP0.00095.001.01731.001.503.000",0,0,0,"BARR","Soil CO2 concentration","errorStatus","Soil Plot 1, depth 3"
"NEON.D18.BARR.DP0.00095.001.01729.002.501.000",550.6,558.32,565.9,"BARR","Soil CO2 concentration","rawCO2","Soil Plot 2, depth 1"
"NEON.D18.BARR.DP0.00095.001.01730.002.501.000",-14,-13.82,-13.3,"BARR","Soil CO2 concentration","headspaceTemp","Soil Plot 2, depth 1"
"NEON.D18.BARR.DP0.00095.001.01731.002.501.000",0,0,0,"BARR","Soil CO2 concentration","errorStatus","Soil Plot 2, depth 1"
"NEON.D18.BARR.DP0.00095.001.01729.002.502.000",-2643449340,-659468948.15,-123353864,"BARR","Soil CO2 concentration","rawCO2","Soil Plot 2, depth 2"
"NEON.D18.BARR.DP0.00095.001.01730.002.502.000",-14.1,-13.92,-13.6,"BARR","Soil CO2 concentration","headspaceTemp","Soil Plot 2, depth 2"
"NEON.D18.BARR.DP0.00095.001.01731.002.502.000",0,0,0,"BARR","Soil CO2 concentration","errorStatus","Soil Plot 2, depth 2"
"NEON.D18.BARR.DP0.00095.001.01729.002.503.000",-7487046140,-1927897567.98,-528680128,"BARR","Soil CO2 concentration","rawCO2","Soil Plot 2, depth 3"
"NEON.D18.BARR.DP0.00095.001.01730.002.503.000",-11.2,-11.11,-10.9,"BARR","Soil CO2 concentration","headspaceTemp","Soil Plot 2, depth 3"
"NEON.D18.BARR.DP0.00095.001.01731.002.503.000",0,0,0,"BARR","Soil CO2 concentration","errorStatus","Soil Plot 2, depth 3"
"NEON.D18.BARR.DP0.00095.001.01729.003.501.000",621.8,633.88,648.3,"BARR","Soil CO2 concentration","rawCO2","Soil Plot 3, depth 1"
"NEON.D18.BARR.DP0.00095.001.01730.003.501.000",-15.4,-15.2,-14.6,"BARR","Soil CO2 concentration","headspaceTemp","Soil Plot 3, depth 1"
"NEON.D18.BARR.DP0.00095.001.01731.003.501.000",0,0,0,"BARR","Soil CO2 concentration","errorStatus","Soil Plot 3, depth 1"
"NEON.D18.BARR.DP0.00095.001.01729.003.502.000",536,545.93,555.5,"BARR","Soil CO2 concentration","rawCO2","Soil Plot 3, depth 2"
"NEON.D18.BARR.DP0.00095.001.01730.003.502.000",-13.6,-13.51,-13.2,"BARR","Soil CO2 concentration","headspaceTemp","Soil Plot 3, depth 2"
"NEON.D18.BARR.DP0.00095.001.01731.003.502.000",0,0,0,"BARR","Soil CO2 concentration","errorStatus","Soil Plot 3, depth 2"
"NEON.D18.BARR.DP0.00095.001.01729.003.503.000",3709.2,4046.09,4442.4,"BARR","Soil CO2 concentration","rawCO2","Soil Plot 3, depth 3"
"NEON.D18.BARR.DP0.00095.001.01730.003.503.000",-11.8,-11.73,-11.5,"BARR","Soil CO2 concentration","headspaceTemp","Soil Plot 3, depth 3"
"NEON.D18.BARR.DP0.00095.001.01731.003.503.000",0,0,0,"BARR","Soil CO2 concentration","errorStatus","Soil Plot 3, depth 3"
"NEON.D18.BARR.DP0.00095.001.01729.004.501.000",563,575.65,587.7,"BARR","Soil CO2 concentration","rawCO2","Soil Plot 4, depth 1"
"NEON.D18.BARR.DP0.00095.001.01730.004.501.000",-16.3,-15.95,-15,"BARR","Soil CO2 concentration","headspaceTemp","Soil Plot 4, depth 1"
"NEON.D18.BARR.DP0.00095.001.01731.004.501.000",0,0,0,"BARR","Soil CO2 concentration","errorStatus","Soil Plot 4, depth 1"
"NEON.D18.BARR.DP0.00095.001.01729.004.502.000",505.1,513.44,521.1,"BARR","Soil CO2 concentration","rawCO2","Soil Plot 4, depth 2"
"NEON.D18.BARR.DP0.00095.001.01730.004.502.000",-15.6,-15.25,-14.4,"BARR","Soil CO2 concentration","headspaceTemp","Soil Plot 4, depth 2"
"NEON.D18.BARR.DP0.00095.001.01731.004.502.000",0,0,0,"BARR","Soil CO2 concentration","errorStatus","Soil Plot 4, depth 2"
"NEON.D18.BARR.DP0.00095.001.01729.004.503.000",551.4,568.18,578.9,"BARR","Soil CO2 concentration","rawCO2","Soil Plot 4, depth 3"
"NEON.D18.BARR.DP0.00095.001.01730.004.503.000",-14.1,-13.89,-13.3,"BARR","Soil CO2 concentration","headspaceTemp","Soil Plot 4, depth 3"
"NEON.D18.BARR.DP0.00095.001.01731.004.503.000",0,0,0,"BARR","Soil CO2 concentration","errorStatus","Soil Plot 4, depth 3"
"NEON.D18.BARR.DP0.00095.001.01729.005.501.000",534.7,544.15,554,"BARR","Soil CO2 concentration","rawCO2","Soil Plot 5, depth 1"
"NEON.D18.BARR.DP0.00095.001.01730.005.501.000",-16.5,-16.13,-15.2,"BARR","Soil CO2 concentration","headspaceTemp","Soil Plot 5, depth 1"
"NEON.D18.BARR.DP0.00095.001.01731.005.501.000",0,0,0,"BARR","Soil CO2 concentration","errorStatus","Soil Plot 5, depth 1"
"NEON.D18.BARR.DP0.00095.001.01729.005.503.000",903,913.1,925.9,"BARR","Soil CO2 concentration","rawCO2","Soil Plot 5, depth 3"
"NEON.D18.BARR.DP0.00095.001.01730.005.503.000",-14.3,-14.16,-13.7,"BARR","Soil CO2 concentration","headspaceTemp","Soil Plot 5, depth 3"
"NEON.D18.BARR.DP0.00095.001.01731.005.503.000",0,0,0,"BARR","Soil CO2 concentration","errorStatus","Soil Plot 5, depth 3"
"NEON.D18.BARR.DP0.00098.001.01309.003.000.000",-29.66,-25.99,-21.56,"BARR","Relative Humidity","sensorTemp","Soil Plot 3"
"NEON.D18.BARR.DP0.00098.001.01357.003.000.000",76.64,78.57,80.82,"BARR","Relative Humidity","RH","Soil Plot 3"
"NEON.D18.BARR.DP0.00098.001.01358.003.000.000",-29.45,-25.9,-21.62,"BARR","Relative Humidity","dewPoint","Soil Plot 3"
"NEON.D18.BARR.DP0.00098.001.01359.003.000.000",0,0,0,"BARR","Relative Humidity","RHStatus","Soil Plot 3"
"NEON.D18.BARR.DP0.00098.001.01309.000.040.000",-26.47,-24.01,-20.8,"BARR","Relative Humidity","sensorTemp","Meas. Level 4"
"NEON.D18.BARR.DP0.00098.001.01357.000.040.000",76.97,78.52,80.7,"BARR","Relative Humidity","RH","Meas. Level 4"
"NEON.D18.BARR.DP0.00098.001.01358.000.040.000",-26.53,-24.12,-20.95,"BARR","Relative Humidity","dewPoint","Meas. Level 4"
"NEON.D18.BARR.DP0.00098.001.01359.000.040.000",0,0,0,"BARR","Relative Humidity","RHStatus","Meas. Level 4"
"NEON.D18.BARR.DP0.00105.001.02316.700.000.000",-593660,-11512.56,5375170,"BARR","ECSE profile CO2 & H2O concentration (storage)","fwMoleCO2","Hut"
"NEON.D18.BARR.DP0.00106.001.01951.700.000.000",-0.7,0,3.11,"BARR","ECSE profile mass flow controller (sampling)","frt0","Hut"
"NEON.D18.BARR.DP0.00112.001.02351.700.000.000",2.2,3.83,4.8,"BARR","ECSE profile sampling pump","pumpVoltage","Hut"
"NEON.D18.BARR.DP0.00112.001.02351.700.030.000",2.65,3.52,4.06,"BARR","ECSE profile sampling pump","pumpVoltage","Hut, ML-3"
"NEON.D18.BARR.DP0.00112.001.02351.700.040.000",3,3,3,"BARR","ECSE profile sampling pump","pumpVoltage","Hut, ML-4"
"NEON.D18.BARR.DP0.00105.001.02348.700.000.000",-0.48,0.11,2.15,"BARR","ECSE profile CO2 & H2O concentration (storage)","fwMoleH2O","Hut"
"NEON.D18.BARR.DP0.00109.001.02196.000.010.000",101.02,101.16,101.35,"BARR","ECSE profile inlet pressure","presGage","Meas. Level 1"
"NEON.D18.BARR.DP0.00109.001.02196.000.020.000",97.31,101.4,101.6,"BARR","ECSE profile inlet pressure","presGage","Meas. Level 2"
"NEON.D18.BARR.DP0.00109.001.02196.000.030.000",101.13,101.55,102.26,"BARR","ECSE profile inlet pressure","presGage","Meas. Level 3"
"NEON.D18.BARR.DP0.00109.001.02196.000.040.000",42.74,45.53,68.22,"BARR","ECSE profile inlet pressure","presGage","Meas. Level 4"
"NEON.D18.BARR.DP0.00108.001.01951.700.030.000",-0.37,-0.12,0.03,"BARR","ECSE profile mass flow meter","frt0","Hut, ML-3"
"NEON.D18.BARR.DP0.00108.001.01951.700.040.000",2.42,9.16,16.75,"BARR","ECSE profile mass flow meter","frt0","Hut, ML-4"
"NEON.D18.BARR.DP0.00108.001.01948.700.030.000",99.6,99.92,100.3,"BARR","ECSE profile mass flow meter","presAtm","Hut, ML-3"
"NEON.D18.BARR.DP0.00108.001.01948.700.040.000",38.1,41.19,61.4,"BARR","ECSE profile mass flow meter","presAtm","Hut, ML-4"
"NEON.D18.BARR.DP0.00104.001.02344.700.000.000",15.6,17.84,19.4,"BARR","Hut environment","tempHut","Hut"
"NEON.D18.BARR.DP0.00104.001.02347.700.000.000",0.1,0.26,0.4,"BARR","Hut environment","H2OMixRatioHut","Hut"
"NEON.D18.BARR.DP0.00102.001.02316.700.000.000",357.78,417.3,558.15,"BARR","Atmospheric CO2 Isotope","fwMoleCO2","Hut"
"NEON.D18.BARR.DP0.00102.001.02325.700.000.000",-0.01,0.06,0.09,"BARR","Atmospheric CO2 Isotope","percentFwMoleH2O","Hut"
"NEON.D18.BARR.DP0.00103.001.02339.700.000.000",285.14,467.19,740.21,"BARR","Atmospheric H2O isotopes","ppmvFwMoleH2O","Hut"
"NEON.D18.BARR.DP0.00102.001.02324.700.000.000",-22.16,-9.42,14.55,"BARR","Atmospheric CO2 Isotope","d13CO2","Hut"
"NEON.D18.BARR.DP0.00103.001.02369.700.000.000",-49.96,-41.14,-34.05,"BARR","Atmospheric H2O isotopes","d18OWater","Hut"
"NEON.D18.BARR.DP0.00103.001.02370.700.000.000",-352.06,-310.12,-265.99,"BARR","Atmospheric H2O isotopes","d2HWater","Hut"
"NEON.D18.BARR.DP0.00013.001.01818.000.040.000",-23.86,-21.16,-17.67,"BARR","Wet deposition","chamberTemperature","Meas. Level 4"
"NEON.D18.BARR.DP0.00001.001.01306.000.010.000",NA,NA,NA,"BARR","2D Wind Speed and Direction","uVectorComponent","Meas. Level 1"
"NEON.D18.BARR.DP0.00001.001.01307.000.010.000",NA,NA,NA,"BARR","2D Wind Speed and Direction","vVectorComponent","Meas. Level 1"
"NEON.D18.BARR.DP0.00002.001.01319.000.010.000",NA,NA,NA,"BARR","Single Aspirated Air Temperature","heaterFlag","Meas. Level 1"
"NEON.D18.BARR.DP0.00002.001.01319.000.020.000",NA,NA,NA,"BARR","Single Aspirated Air Temperature","heaterFlag","Meas. Level 2"
"NEON.D18.BARR.DP0.00002.001.01319.000.030.000",NA,NA,NA,"BARR","Single Aspirated Air Temperature","heaterFlag","Meas. Level 3"
"NEON.D18.BARR.DP0.00003.001.01319.000.040.000",NA,NA,NA,"BARR","Triple Aspirated Air Temperature","heaterFlag","Meas. Level 4"
"NEON.D18.BARR.DP0.00006.001.01897.000.040.000",NA,NA,NA,"BARR","Precipitation","strainGauge1Stability","Meas. Level 4"
"NEON.D18.BARR.DP0.00006.001.01898.000.040.000",NA,NA,NA,"BARR","Precipitation","strainGauge1Temp","Meas. Level 4"
"NEON.D18.BARR.DP0.00006.001.01900.000.040.000",NA,NA,NA,"BARR","Precipitation","strainGauge1FreqRaw","Meas. Level 4"
"NEON.D18.BARR.DP0.00006.001.01901.000.040.000",NA,NA,NA,"BARR","Precipitation","strainGauge1Weight","Meas. Level 4"
"NEON.D18.BARR.DP0.00006.001.01903.000.040.000",NA,NA,NA,"BARR","Precipitation","totalGaugeWeight","Meas. Level 4"
"NEON.D18.BARR.DP0.00006.001.01904.000.040.000",NA,NA,NA,"BARR","Precipitation","totalPrecipDepth","Meas. Level 4"
"NEON.D18.BARR.DP0.00006.001.01905.000.040.000",NA,NA,NA,"BARR","Precipitation","inletTemp","Meas. Level 4"
"NEON.D18.BARR.DP0.00006.001.01906.000.040.000",NA,NA,NA,"BARR","Precipitation","internalTemp","Meas. Level 4"
"NEON.D18.BARR.DP0.00006.001.01907.000.040.000",NA,NA,NA,"BARR","Precipitation","precipAccumulationRate","Meas. Level 4"
"NEON.D18.BARR.DP0.00006.001.01999.000.040.000",NA,NA,NA,"BARR","Precipitation","strainGauge1FreqComp","Meas. Level 4"
"NEON.D18.BARR.DP0.00006.001.02000.000.040.000",NA,NA,NA,"BARR","Precipitation","orificeHeaterFlag","Meas. Level 4"
"NEON.D18.BARR.DP0.00006.001.02068.000.040.000",NA,NA,NA,"BARR","Precipitation","strainGauge2Stability","Meas. Level 4"
"NEON.D18.BARR.DP0.00006.001.02069.000.040.000",NA,NA,NA,"BARR","Precipitation","strainGauge3Stability","Meas. Level 4"
"NEON.D18.BARR.DP0.00006.001.02070.000.040.000",NA,NA,NA,"BARR","Precipitation","strainGauge2Temp","Meas. Level 4"
"NEON.D18.BARR.DP0.00006.001.02071.000.040.000",NA,NA,NA,"BARR","Precipitation","strainGauge3Temp","Meas. Level 4"
"NEON.D18.BARR.DP0.00006.001.02072.000.040.000",NA,NA,NA,"BARR","Precipitation","strainGauge2FreqRaw","Meas. Level 4"
"NEON.D18.BARR.DP0.00006.001.02073.000.040.000",NA,NA,NA,"BARR","Precipitation","strainGauge3FreqRaw","Meas. Level 4"
"NEON.D18.BARR.DP0.00006.001.02074.000.040.000",NA,NA,NA,"BARR","Precipitation","strainGauge2Weight","Meas. Level 4"
"NEON.D18.BARR.DP0.00006.001.02075.000.040.000",NA,NA,NA,"BARR","Precipitation","strainGauge3Weight","Meas. Level 4"
"NEON.D18.BARR.DP0.00006.001.02076.000.040.000",NA,NA,NA,"BARR","Precipitation","strainGauge2FreqComp","Meas. Level 4"
"NEON.D18.BARR.DP0.00006.001.02077.000.040.000",NA,NA,NA,"BARR","Precipitation","strainGauge3FreqComp","Meas. Level 4"
"NEON.D18.BARR.DP0.00023.001.01315.003.000.000",NA,NA,NA,"BARR","Shortwave/Longwave Net Radiation","inNetRadPyranometer","Soil Plot 3"
"NEON.D18.BARR.DP0.00023.001.01316.003.000.000",NA,NA,NA,"BARR","Shortwave/Longwave Net Radiation","outNetRadPyranometer","Soil Plot 3"
"NEON.D18.BARR.DP0.00024.001.01321.000.010.000",NA,NA,NA,"BARR","Photosynthetically Active Radiation","outPAR","Meas. Level 1"
"NEON.D18.BARR.DP0.00024.001.01321.000.020.000",NA,NA,NA,"BARR","Photosynthetically Active Radiation","outPAR","Meas. Level 2"
"NEON.D18.BARR.DP0.00024.001.01321.000.030.000",NA,NA,NA,"BARR","Photosynthetically Active Radiation","outPAR","Meas. Level 3"
"NEON.D18.BARR.DP0.00094.001.02081.001.501.000",NA,NA,NA,"BARR","Soil water and salinity","rawVSWC0","Soil Plot 1, depth 1"
"NEON.D18.BARR.DP0.00094.001.02082.001.501.000",NA,NA,NA,"BARR","Soil water and salinity","rawVSIC0","Soil Plot 1, depth 1"
"NEON.D18.BARR.DP0.00094.001.02083.001.501.000",NA,NA,NA,"BARR","Soil water and salinity","rawVSWC1","Soil Plot 1, depth 1"
"NEON.D18.BARR.DP0.00094.001.02084.001.501.000",NA,NA,NA,"BARR","Soil water and salinity","rawVSIC1","Soil Plot 1, depth 1"
"NEON.D18.BARR.DP0.00094.001.02085.001.501.000",NA,NA,NA,"BARR","Soil water and salinity","rawVSWC2","Soil Plot 1, depth 1"
"NEON.D18.BARR.DP0.00094.001.02086.001.501.000",NA,NA,NA,"BARR","Soil water and salinity","rawVSIC2","Soil Plot 1, depth 1"
"NEON.D18.BARR.DP0.00094.001.02087.001.501.000",NA,NA,NA,"BARR","Soil water and salinity","rawVSWC3","Soil Plot 1, depth 1"
"NEON.D18.BARR.DP0.00094.001.02088.001.501.000",NA,NA,NA,"BARR","Soil water and salinity","rawVSIC3","Soil Plot 1, depth 1"
"NEON.D18.BARR.DP0.00094.001.02089.001.501.000",NA,NA,NA,"BARR","Soil water and salinity","rawVSWC4","Soil Plot 1, depth 1"
"NEON.D18.BARR.DP0.00094.001.02090.001.501.000",NA,NA,NA,"BARR","Soil water and salinity","rawVSIC4","Soil Plot 1, depth 1"
"NEON.D18.BARR.DP0.00094.001.02091.001.501.000",NA,NA,NA,"BARR","Soil water and salinity","rawVSWC5","Soil Plot 1, depth 1"
"NEON.D18.BARR.DP0.00094.001.02092.001.501.000",NA,NA,NA,"BARR","Soil water and salinity","rawVSIC5","Soil Plot 1, depth 1"
"NEON.D18.BARR.DP0.00094.001.02093.001.501.000",NA,NA,NA,"BARR","Soil water and salinity","rawVSWC6","Soil Plot 1, depth 1"
"NEON.D18.BARR.DP0.00094.001.02094.001.501.000",NA,NA,NA,"BARR","Soil water and salinity","rawVSIC6","Soil Plot 1, depth 1"
"NEON.D18.BARR.DP0.00094.001.02095.001.501.000",NA,NA,NA,"BARR","Soil water and salinity","rawVSWC7","Soil Plot 1, depth 1"
"NEON.D18.BARR.DP0.00094.001.02096.001.501.000",NA,NA,NA,"BARR","Soil water and salinity","rawVSIC7","Soil Plot 1, depth 1"
"NEON.D18.BARR.DP0.00094.001.02081.002.501.000",NA,NA,NA,"BARR","Soil water and salinity","rawVSWC0","Soil Plot 2, depth 1"
"NEON.D18.BARR.DP0.00094.001.02082.002.501.000",NA,NA,NA,"BARR","Soil water and salinity","rawVSIC0","Soil Plot 2, depth 1"
"NEON.D18.BARR.DP0.00094.001.02083.002.501.000",NA,NA,NA,"BARR","Soil water and salinity","rawVSWC1","Soil Plot 2, depth 1"
"NEON.D18.BARR.DP0.00094.001.02084.002.501.000",NA,NA,NA,"BARR","Soil water and salinity","rawVSIC1","Soil Plot 2, depth 1"
"NEON.D18.BARR.DP0.00094.001.02085.002.501.000",NA,NA,NA,"BARR","Soil water and salinity","rawVSWC2","Soil Plot 2, depth 1"
"NEON.D18.BARR.DP0.00094.001.02086.002.501.000",NA,NA,NA,"BARR","Soil water and salinity","rawVSIC2","Soil Plot 2, depth 1"
"NEON.D18.BARR.DP0.00094.001.02087.002.501.000",NA,NA,NA,"BARR","Soil water and salinity","rawVSWC3","Soil Plot 2, depth 1"
"NEON.D18.BARR.DP0.00094.001.02088.002.501.000",NA,NA,NA,"BARR","Soil water and salinity","rawVSIC3","Soil Plot 2, depth 1"
"NEON.D18.BARR.DP0.00094.001.02089.002.501.000",NA,NA,NA,"BARR","Soil water and salinity","rawVSWC4","Soil Plot 2, depth 1"
"NEON.D18.BARR.DP0.00094.001.02090.002.501.000",NA,NA,NA,"BARR","Soil water and salinity","rawVSIC4","Soil Plot 2, depth 1"
"NEON.D18.BARR.DP0.00094.001.02091.002.501.000",NA,NA,NA,"BARR","Soil water and salinity","rawVSWC5","Soil Plot 2, depth 1"
"NEON.D18.BARR.DP0.00094.001.02092.002.501.000",NA,NA,NA,"BARR","Soil water and salinity","rawVSIC5","Soil Plot 2, depth 1"
"NEON.D18.BARR.DP0.00094.001.02093.002.501.000",NA,NA,NA,"BARR","Soil water and salinity","rawVSWC6","Soil Plot 2, depth 1"
"NEON.D18.BARR.DP0.00094.001.02094.002.501.000",NA,NA,NA,"BARR","Soil water and salinity","rawVSIC6","Soil Plot 2, depth 1"
"NEON.D18.BARR.DP0.00094.001.02095.002.501.000",NA,NA,NA,"BARR","Soil water and salinity","rawVSWC7","Soil Plot 2, depth 1"
"NEON.D18.BARR.DP0.00094.001.02096.002.501.000",NA,NA,NA,"BARR","Soil water and salinity","rawVSIC7","Soil Plot 2, depth 1"
"NEON.D18.BARR.DP0.00094.001.02093.003.501.000",NA,NA,NA,"BARR","Soil water and salinity","rawVSWC6","Soil Plot 3, depth 1"
"NEON.D18.BARR.DP0.00094.001.02094.003.501.000",NA,NA,NA,"BARR","Soil water and salinity","rawVSIC6","Soil Plot 3, depth 1"
"NEON.D18.BARR.DP0.00094.001.02095.003.501.000",NA,NA,NA,"BARR","Soil water and salinity","rawVSWC7","Soil Plot 3, depth 1"
"NEON.D18.BARR.DP0.00094.001.02096.003.501.000",NA,NA,NA,"BARR","Soil water and salinity","rawVSIC7","Soil Plot 3, depth 1"
"NEON.D18.BARR.DP0.00095.001.01729.005.502.000",NA,NA,NA,"BARR","Soil CO2 concentration","rawCO2","Soil Plot 5, depth 2"
"NEON.D18.BARR.DP0.00095.001.01730.005.502.000",NA,NA,NA,"BARR","Soil CO2 concentration","headspaceTemp","Soil Plot 5, depth 2"
"NEON.D18.BARR.DP0.00095.001.01731.005.502.000",NA,NA,NA,"BARR","Soil CO2 concentration","errorStatus","Soil Plot 5, depth 2"
"NEON.D18.BARR.DP0.00112.001.02351.700.010.000",NA,NA,NA,"BARR","ECSE profile sampling pump","pumpVoltage","Hut, ML-1"
"NEON.D18.BARR.DP0.00112.001.02351.700.020.000",NA,NA,NA,"BARR","ECSE profile sampling pump","pumpVoltage","Hut, ML-2"
"NEON.D18.BARR.DP0.00108.001.01951.700.010.000",NA,NA,NA,"BARR","ECSE profile mass flow meter","frt0","Hut, ML-1"
"NEON.D18.BARR.DP0.00108.001.01951.700.020.000",NA,NA,NA,"BARR","ECSE profile mass flow meter","frt0","Hut, ML-2"
"NEON.D18.BARR.DP0.00108.001.01948.700.010.000",NA,NA,NA,"BARR","ECSE profile mass flow meter","presAtm","Hut, ML-1"
"NEON.D18.BARR.DP0.00108.001.01948.700.020.000",NA,NA,NA,"BARR","ECSE profile mass flow meter","presAtm","Hut, ML-2"
