"streams","stndErr","site","dp.name","term.name","location"
"NEON.D09.DCFS.DP0.00001.001.01306.000.010.000",-0.781,"DCFS","2D Wind Speed and Direction","uVectorComponent","Meas. Level 1"
"NEON.D09.DCFS.DP0.00001.001.01306.000.020.000",-0.395,"DCFS","2D Wind Speed and Direction","uVectorComponent","Meas. Level 2"
"NEON.D09.DCFS.DP0.00001.001.01306.000.030.000",-0.333,"DCFS","2D Wind Speed and Direction","uVectorComponent","Meas. Level 3"
"NEON.D09.DCFS.DP0.00001.001.01307.000.010.000",5.594,"DCFS","2D Wind Speed and Direction","vVectorComponent","Meas. Level 1"
"NEON.D09.DCFS.DP0.00001.001.01307.000.020.000",0.997,"DCFS","2D Wind Speed and Direction","vVectorComponent","Meas. Level 2"
"NEON.D09.DCFS.DP0.00001.001.01307.000.030.000",0.686,"DCFS","2D Wind Speed and Direction","vVectorComponent","Meas. Level 3"
"NEON.D09.DCFS.DP0.00001.001.01308.000.010.000",0.009,"DCFS","2D Wind Speed and Direction","soundSpeed","Meas. Level 1"
"NEON.D09.DCFS.DP0.00001.001.01308.000.020.000",0.005,"DCFS","2D Wind Speed and Direction","soundSpeed","Meas. Level 2"
"NEON.D09.DCFS.DP0.00001.001.01308.000.030.000",0.006,"DCFS","2D Wind Speed and Direction","soundSpeed","Meas. Level 3"
"NEON.D09.DCFS.DP0.00001.001.01309.000.010.000",0.384,"DCFS","2D Wind Speed and Direction","sensorTemp","Meas. Level 1"
"NEON.D09.DCFS.DP0.00001.001.01309.000.020.000",0.173,"DCFS","2D Wind Speed and Direction","sensorTemp","Meas. Level 2"
"NEON.D09.DCFS.DP0.00001.001.01309.000.030.000",0.229,"DCFS","2D Wind Speed and Direction","sensorTemp","Meas. Level 3"
"NEON.D09.DCFS.DP0.00001.001.01310.000.010.000",0,"DCFS","2D Wind Speed and Direction","2dWindSensorStatus","Meas. Level 1"
"NEON.D09.DCFS.DP0.00001.001.01310.000.020.000",0,"DCFS","2D Wind Speed and Direction","2dWindSensorStatus","Meas. Level 2"
"NEON.D09.DCFS.DP0.00001.001.01310.000.030.000",0,"DCFS","2D Wind Speed and Direction","2dWindSensorStatus","Meas. Level 3"
"NEON.D09.DCFS.DP0.00002.001.01325.000.010.000",0.02,"DCFS","Single Aspirated Air Temperature","PRTResistance","Meas. Level 1"
"NEON.D09.DCFS.DP0.00002.001.01325.000.020.000",0.018,"DCFS","Single Aspirated Air Temperature","PRTResistance","Meas. Level 2"
"NEON.D09.DCFS.DP0.00002.001.01325.000.030.000",0.017,"DCFS","Single Aspirated Air Temperature","PRTResistance","Meas. Level 3"
"NEON.D09.DCFS.DP0.00002.001.01326.000.010.000",0.002,"DCFS","Single Aspirated Air Temperature","fanSpeed","Meas. Level 1"
"NEON.D09.DCFS.DP0.00002.001.01326.000.020.000",0.004,"DCFS","Single Aspirated Air Temperature","fanSpeed","Meas. Level 2"
"NEON.D09.DCFS.DP0.00002.001.01326.000.030.000",0.004,"DCFS","Single Aspirated Air Temperature","fanSpeed","Meas. Level 3"
"NEON.D09.DCFS.DP0.00002.001.01330.000.010.000",0.022,"DCFS","Single Aspirated Air Temperature","turbineSpeed","Meas. Level 1"
"NEON.D09.DCFS.DP0.00002.001.01330.000.020.000",0.07,"DCFS","Single Aspirated Air Temperature","turbineSpeed","Meas. Level 2"
"NEON.D09.DCFS.DP0.00002.001.01330.000.030.000",0.093,"DCFS","Single Aspirated Air Temperature","turbineSpeed","Meas. Level 3"
"NEON.D09.DCFS.DP0.00003.001.01325.000.040.101",0.016,"DCFS","Triple Aspirated Air Temperature","PRTResistance","Tower Top"
"NEON.D09.DCFS.DP0.00003.001.01325.000.040.102",0.017,"DCFS","Triple Aspirated Air Temperature","PRTResistance","Tower Top"
"NEON.D09.DCFS.DP0.00003.001.01325.000.040.103",0.017,"DCFS","Triple Aspirated Air Temperature","PRTResistance","Tower Top"
"NEON.D09.DCFS.DP0.00003.001.01326.000.040.000",0.002,"DCFS","Triple Aspirated Air Temperature","fanSpeed","Tower Top"
"NEON.D09.DCFS.DP0.00003.001.01330.000.040.000",0.102,"DCFS","Triple Aspirated Air Temperature","turbineSpeed","Tower Top"
"NEON.D09.DCFS.DP0.00004.001.01309.000.035.000",0.305,"DCFS","Barometric Pressure","sensorTemp","Meas. Level 3.5"
"NEON.D09.DCFS.DP0.00004.001.01311.000.035.000",0.001,"DCFS","Barometric Pressure","rawBarometricPressure","Meas. Level 3.5"
"NEON.D09.DCFS.DP0.00004.001.01312.000.035.000",0,"DCFS","Barometric Pressure","sensorStatus","Meas. Level 3.5"
"NEON.D09.DCFS.DP0.00005.001.01313.000.010.000",-1.401,"DCFS","IR Biological Temperature","infraredThermopileOutput","Meas. Level 1"
"NEON.D09.DCFS.DP0.00005.001.01313.000.020.000",-1.394,"DCFS","IR Biological Temperature","infraredThermopileOutput","Meas. Level 2"
"NEON.D09.DCFS.DP0.00005.001.01313.003.000.000",-1.598,"DCFS","IR Biological Temperature","infraredThermopileOutput","Soil Plot 3"
"NEON.D09.DCFS.DP0.00005.001.01314.000.010.000",0.015,"DCFS","IR Biological Temperature","sensorResistance","Meas. Level 1"
"NEON.D09.DCFS.DP0.00005.001.01314.000.020.000",0.011,"DCFS","IR Biological Temperature","sensorResistance","Meas. Level 2"
"NEON.D09.DCFS.DP0.00005.001.01314.003.000.000",0.013,"DCFS","IR Biological Temperature","sensorResistance","Soil Plot 3"
"NEON.D09.DCFS.DP0.00014.001.01332.000.040.000",1.281,"DCFS","Shortwave Radiation (Direct and Diffuse Pyranometer)","rawShortwaveRadiationGlobal","Tower Top"
"NEON.D09.DCFS.DP0.00014.001.01333.000.040.000",1.118,"DCFS","Shortwave Radiation (Direct and Diffuse Pyranometer)","rawShortwaveRadiationDiffuse","Tower Top"
"NEON.D09.DCFS.DP0.00014.001.01334.000.040.000",1.13,"DCFS","Shortwave Radiation (Direct and Diffuse Pyranometer)","sunPresence","Tower Top"
"NEON.D09.DCFS.DP0.00023.001.01314.000.040.000",0.018,"DCFS","Shortwave/Longwave Net Radiation","sensorResistance","Tower Top"
"NEON.D09.DCFS.DP0.00023.001.01314.003.000.000",0.023,"DCFS","Shortwave/Longwave Net Radiation","sensorResistance","Soil Plot 3"
"NEON.D09.DCFS.DP0.00023.001.01315.000.040.000",1.299,"DCFS","Shortwave/Longwave Net Radiation","inNetRadPyranometer","Tower Top"
"NEON.D09.DCFS.DP0.00023.001.01316.000.040.000",1.251,"DCFS","Shortwave/Longwave Net Radiation","outNetRadPyranometer","Tower Top"
"NEON.D09.DCFS.DP0.00023.001.01317.000.040.000",-0.12,"DCFS","Shortwave/Longwave Net Radiation","inNetRadPyrgeometer","Tower Top"
"NEON.D09.DCFS.DP0.00023.001.01317.003.000.000",-0.196,"DCFS","Shortwave/Longwave Net Radiation","inNetRadPyrgeometer","Soil Plot 3"
"NEON.D09.DCFS.DP0.00023.001.01318.000.040.000",-0.661,"DCFS","Shortwave/Longwave Net Radiation","outNetRadPyrgeometer","Tower Top"
"NEON.D09.DCFS.DP0.00023.001.01318.003.000.000",-0.353,"DCFS","Shortwave/Longwave Net Radiation","outNetRadPyrgeometer","Soil Plot 3"
"NEON.D09.DCFS.DP0.00024.001.01320.000.010.000",1.312,"DCFS","Photosynthetically Active Radiation","inPAR","Meas. Level 1"
"NEON.D09.DCFS.DP0.00024.001.01320.000.020.000",1.282,"DCFS","Photosynthetically Active Radiation","inPAR","Meas. Level 2"
"NEON.D09.DCFS.DP0.00024.001.01320.000.030.000",1.281,"DCFS","Photosynthetically Active Radiation","inPAR","Meas. Level 3"
"NEON.D09.DCFS.DP0.00024.001.01320.000.040.000",1.291,"DCFS","Photosynthetically Active Radiation","inPAR","Tower Top"
"NEON.D09.DCFS.DP0.00024.001.01321.000.040.000",1.233,"DCFS","Photosynthetically Active Radiation","outPAR","Tower Top"
"NEON.D09.DCFS.DP0.00040.001.01798.001.501.000",19.306,"DCFS","Soil heat flux plate","SHFVoltage","Soil Plot 1, depth 1"
"NEON.D09.DCFS.DP0.00040.001.01798.003.501.000",7.354,"DCFS","Soil heat flux plate","SHFVoltage","Soil Plot 3, depth 1"
"NEON.D09.DCFS.DP0.00040.001.01798.005.501.000",14.179,"DCFS","Soil heat flux plate","SHFVoltage","Soil Plot 5, depth 1"
"NEON.D09.DCFS.DP0.00040.001.01799.001.501.000",NA,"DCFS","Soil heat flux plate","SHFCalHeaterFlag","Soil Plot 1, depth 1"
"NEON.D09.DCFS.DP0.00040.001.01799.003.501.000",NA,"DCFS","Soil heat flux plate","SHFCalHeaterFlag","Soil Plot 3, depth 1"
"NEON.D09.DCFS.DP0.00040.001.01799.005.501.000",NA,"DCFS","Soil heat flux plate","SHFCalHeaterFlag","Soil Plot 5, depth 1"
"NEON.D09.DCFS.DP0.00040.001.01800.001.501.000",8.201,"DCFS","Soil heat flux plate","curVoltage","Soil Plot 1, depth 1"
"NEON.D09.DCFS.DP0.00040.001.01800.003.501.000",8.195,"DCFS","Soil heat flux plate","curVoltage","Soil Plot 3, depth 1"
"NEON.D09.DCFS.DP0.00040.001.01800.005.501.000",8.188,"DCFS","Soil heat flux plate","curVoltage","Soil Plot 5, depth 1"
"NEON.D09.DCFS.DP0.00041.001.01728.001.501.000",0.007,"DCFS","Soil temperature","soilPRTResistance","Soil Plot 1, depth 1"
"NEON.D09.DCFS.DP0.00041.001.01728.001.502.000",0.005,"DCFS","Soil temperature","soilPRTResistance","Soil Plot 1, depth 2"
"NEON.D09.DCFS.DP0.00041.001.01728.001.503.000",0.002,"DCFS","Soil temperature","soilPRTResistance","Soil Plot 1, depth 3"
"NEON.D09.DCFS.DP0.00041.001.01728.001.504.000",0.001,"DCFS","Soil temperature","soilPRTResistance","Soil Plot 1, depth 4"
"NEON.D09.DCFS.DP0.00041.001.01728.001.505.000",0.001,"DCFS","Soil temperature","soilPRTResistance","Soil Plot 1, depth 5"
"NEON.D09.DCFS.DP0.00041.001.01728.001.506.000",0,"DCFS","Soil temperature","soilPRTResistance","Soil Plot 1, depth 6"
"NEON.D09.DCFS.DP0.00041.001.01728.001.507.000",0,"DCFS","Soil temperature","soilPRTResistance","Soil Plot 1, depth 7"
"NEON.D09.DCFS.DP0.00041.001.01728.001.508.000",0,"DCFS","Soil temperature","soilPRTResistance","Soil Plot 1, depth 8"
"NEON.D09.DCFS.DP0.00041.001.01728.001.509.000",0.297,"DCFS","Soil temperature","soilPRTResistance","Soil Plot 1, depth 9"
"NEON.D09.DCFS.DP0.00041.001.01728.002.501.000",0.006,"DCFS","Soil temperature","soilPRTResistance","Soil Plot 2, depth 1"
"NEON.D09.DCFS.DP0.00041.001.01728.002.502.000",0.004,"DCFS","Soil temperature","soilPRTResistance","Soil Plot 2, depth 2"
"NEON.D09.DCFS.DP0.00041.001.01728.002.503.000",0.001,"DCFS","Soil temperature","soilPRTResistance","Soil Plot 2, depth 3"
"NEON.D09.DCFS.DP0.00041.001.01728.002.504.000",0.001,"DCFS","Soil temperature","soilPRTResistance","Soil Plot 2, depth 4"
"NEON.D09.DCFS.DP0.00041.001.01728.002.505.000",0,"DCFS","Soil temperature","soilPRTResistance","Soil Plot 2, depth 5"
"NEON.D09.DCFS.DP0.00041.001.01728.002.506.000",0,"DCFS","Soil temperature","soilPRTResistance","Soil Plot 2, depth 6"
"NEON.D09.DCFS.DP0.00041.001.01728.002.507.000",0,"DCFS","Soil temperature","soilPRTResistance","Soil Plot 2, depth 7"
"NEON.D09.DCFS.DP0.00041.001.01728.002.508.000",0,"DCFS","Soil temperature","soilPRTResistance","Soil Plot 2, depth 8"
"NEON.D09.DCFS.DP0.00041.001.01728.002.509.000",0,"DCFS","Soil temperature","soilPRTResistance","Soil Plot 2, depth 9"
"NEON.D09.DCFS.DP0.00041.001.01728.003.501.000",0.006,"DCFS","Soil temperature","soilPRTResistance","Soil Plot 3, depth 1"
"NEON.D09.DCFS.DP0.00041.001.01728.003.502.000",0.004,"DCFS","Soil temperature","soilPRTResistance","Soil Plot 3, depth 2"
"NEON.D09.DCFS.DP0.00041.001.01728.003.503.000",0.001,"DCFS","Soil temperature","soilPRTResistance","Soil Plot 3, depth 3"
"NEON.D09.DCFS.DP0.00041.001.01728.003.504.000",0.001,"DCFS","Soil temperature","soilPRTResistance","Soil Plot 3, depth 4"
"NEON.D09.DCFS.DP0.00041.001.01728.003.505.000",0,"DCFS","Soil temperature","soilPRTResistance","Soil Plot 3, depth 5"
"NEON.D09.DCFS.DP0.00041.001.01728.003.506.000",0,"DCFS","Soil temperature","soilPRTResistance","Soil Plot 3, depth 6"
"NEON.D09.DCFS.DP0.00041.001.01728.003.507.000",0,"DCFS","Soil temperature","soilPRTResistance","Soil Plot 3, depth 7"
"NEON.D09.DCFS.DP0.00041.001.01728.003.508.000",0,"DCFS","Soil temperature","soilPRTResistance","Soil Plot 3, depth 8"
"NEON.D09.DCFS.DP0.00041.001.01728.003.509.000",0,"DCFS","Soil temperature","soilPRTResistance","Soil Plot 3, depth 9"
"NEON.D09.DCFS.DP0.00041.001.01728.004.501.000",0.007,"DCFS","Soil temperature","soilPRTResistance","Soil Plot 4, depth 1"
"NEON.D09.DCFS.DP0.00041.001.01728.004.502.000",0.004,"DCFS","Soil temperature","soilPRTResistance","Soil Plot 4, depth 2"
"NEON.D09.DCFS.DP0.00041.001.01728.004.503.000",0.001,"DCFS","Soil temperature","soilPRTResistance","Soil Plot 4, depth 3"
"NEON.D09.DCFS.DP0.00041.001.01728.004.504.000",0.001,"DCFS","Soil temperature","soilPRTResistance","Soil Plot 4, depth 4"
"NEON.D09.DCFS.DP0.00041.001.01728.004.505.000",0,"DCFS","Soil temperature","soilPRTResistance","Soil Plot 4, depth 5"
"NEON.D09.DCFS.DP0.00041.001.01728.004.506.000",0,"DCFS","Soil temperature","soilPRTResistance","Soil Plot 4, depth 6"
"NEON.D09.DCFS.DP0.00041.001.01728.004.507.000",0,"DCFS","Soil temperature","soilPRTResistance","Soil Plot 4, depth 7"
"NEON.D09.DCFS.DP0.00041.001.01728.004.508.000",0,"DCFS","Soil temperature","soilPRTResistance","Soil Plot 4, depth 8"
"NEON.D09.DCFS.DP0.00041.001.01728.004.509.000",0,"DCFS","Soil temperature","soilPRTResistance","Soil Plot 4, depth 9"
"NEON.D09.DCFS.DP0.00041.001.01728.005.501.000",0.128,"DCFS","Soil temperature","soilPRTResistance","Soil Plot 5, depth 1"
"NEON.D09.DCFS.DP0.00041.001.01728.005.502.000",0.004,"DCFS","Soil temperature","soilPRTResistance","Soil Plot 5, depth 2"
"NEON.D09.DCFS.DP0.00041.001.01728.005.503.000",0.001,"DCFS","Soil temperature","soilPRTResistance","Soil Plot 5, depth 3"
"NEON.D09.DCFS.DP0.00041.001.01728.005.504.000",0.001,"DCFS","Soil temperature","soilPRTResistance","Soil Plot 5, depth 4"
"NEON.D09.DCFS.DP0.00041.001.01728.005.505.000",0,"DCFS","Soil temperature","soilPRTResistance","Soil Plot 5, depth 5"
"NEON.D09.DCFS.DP0.00041.001.01728.005.506.000",0,"DCFS","Soil temperature","soilPRTResistance","Soil Plot 5, depth 6"
"NEON.D09.DCFS.DP0.00041.001.01728.005.507.000",0,"DCFS","Soil temperature","soilPRTResistance","Soil Plot 5, depth 7"
"NEON.D09.DCFS.DP0.00041.001.01728.005.508.000",0,"DCFS","Soil temperature","soilPRTResistance","Soil Plot 5, depth 8"
"NEON.D09.DCFS.DP0.00041.001.01728.005.509.000",0,"DCFS","Soil temperature","soilPRTResistance","Soil Plot 5, depth 9"
"NEON.D09.DCFS.DP0.00066.001.01329.001.000.000",1.45,"DCFS","Photosynthetically active radiation (Quantum Line)","linePAR","Soil Plot 1"
"NEON.D09.DCFS.DP0.00066.001.01329.003.000.000",1.288,"DCFS","Photosynthetically active radiation (Quantum Line)","linePAR","Soil Plot 3"
"NEON.D09.DCFS.DP0.00066.001.01329.005.000.000",1.792,"DCFS","Photosynthetically active radiation (Quantum Line)","linePAR","Soil Plot 5"
"NEON.D09.DCFS.DP0.00094.001.02081.001.501.000",0.005,"DCFS","Soil water and salinity","rawVSWC0","Soil Plot 1, depth 1"
"NEON.D09.DCFS.DP0.00094.001.02081.002.501.000",0.01,"DCFS","Soil water and salinity","rawVSWC0","Soil Plot 2, depth 1"
"NEON.D09.DCFS.DP0.00094.001.02081.003.501.000",0.009,"DCFS","Soil water and salinity","rawVSWC0","Soil Plot 3, depth 1"
"NEON.D09.DCFS.DP0.00094.001.02081.004.501.000",0.314,"DCFS","Soil water and salinity","rawVSWC0","Soil Plot 4, depth 1"
"NEON.D09.DCFS.DP0.00094.001.02081.005.501.000",0.006,"DCFS","Soil water and salinity","rawVSWC0","Soil Plot 5, depth 1"
"NEON.D09.DCFS.DP0.00094.001.02082.001.501.000",0.006,"DCFS","Soil water and salinity","rawVSIC0","Soil Plot 1, depth 1"
"NEON.D09.DCFS.DP0.00094.001.02082.002.501.000",0.007,"DCFS","Soil water and salinity","rawVSIC0","Soil Plot 2, depth 1"
"NEON.D09.DCFS.DP0.00094.001.02082.003.501.000",0.001,"DCFS","Soil water and salinity","rawVSIC0","Soil Plot 3, depth 1"
"NEON.D09.DCFS.DP0.00094.001.02082.004.501.000",0.032,"DCFS","Soil water and salinity","rawVSIC0","Soil Plot 4, depth 1"
"NEON.D09.DCFS.DP0.00094.001.02082.005.501.000",0.071,"DCFS","Soil water and salinity","rawVSIC0","Soil Plot 5, depth 1"
"NEON.D09.DCFS.DP0.00094.001.02083.001.501.000",0.013,"DCFS","Soil water and salinity","rawVSWC1","Soil Plot 1, depth 2"
"NEON.D09.DCFS.DP0.00094.001.02083.002.501.000",0.006,"DCFS","Soil water and salinity","rawVSWC1","Soil Plot 2, depth 2"
"NEON.D09.DCFS.DP0.00094.001.02083.003.501.000",0.036,"DCFS","Soil water and salinity","rawVSWC1","Soil Plot 3, depth 2"
"NEON.D09.DCFS.DP0.00094.001.02083.004.501.000",0.243,"DCFS","Soil water and salinity","rawVSWC1","Soil Plot 4, depth 2"
"NEON.D09.DCFS.DP0.00094.001.02083.005.501.000",0.005,"DCFS","Soil water and salinity","rawVSWC1","Soil Plot 5, depth 2"
"NEON.D09.DCFS.DP0.00094.001.02084.001.501.000",1.332,"DCFS","Soil water and salinity","rawVSIC1","Soil Plot 1, depth 2"
"NEON.D09.DCFS.DP0.00094.001.02084.002.501.000",0.006,"DCFS","Soil water and salinity","rawVSIC1","Soil Plot 2, depth 2"
"NEON.D09.DCFS.DP0.00094.001.02084.003.501.000",0.006,"DCFS","Soil water and salinity","rawVSIC1","Soil Plot 3, depth 2"
"NEON.D09.DCFS.DP0.00094.001.02084.004.501.000",0.039,"DCFS","Soil water and salinity","rawVSIC1","Soil Plot 4, depth 2"
"NEON.D09.DCFS.DP0.00094.001.02084.005.501.000",0.002,"DCFS","Soil water and salinity","rawVSIC1","Soil Plot 5, depth 2"
"NEON.D09.DCFS.DP0.00094.001.02085.001.501.000",0.01,"DCFS","Soil water and salinity","rawVSWC2","Soil Plot 1, depth 3"
"NEON.D09.DCFS.DP0.00094.001.02085.002.501.000",0.009,"DCFS","Soil water and salinity","rawVSWC2","Soil Plot 2, depth 3"
"NEON.D09.DCFS.DP0.00094.001.02085.003.501.000",0.005,"DCFS","Soil water and salinity","rawVSWC2","Soil Plot 3, depth 3"
"NEON.D09.DCFS.DP0.00094.001.02085.004.501.000",0.005,"DCFS","Soil water and salinity","rawVSWC2","Soil Plot 4, depth 3"
"NEON.D09.DCFS.DP0.00094.001.02085.005.501.000",0.009,"DCFS","Soil water and salinity","rawVSWC2","Soil Plot 5, depth 3"
"NEON.D09.DCFS.DP0.00094.001.02086.001.501.000",0.006,"DCFS","Soil water and salinity","rawVSIC2","Soil Plot 1, depth 3"
"NEON.D09.DCFS.DP0.00094.001.02086.002.501.000",0.003,"DCFS","Soil water and salinity","rawVSIC2","Soil Plot 2, depth 3"
"NEON.D09.DCFS.DP0.00094.001.02086.003.501.000",0.001,"DCFS","Soil water and salinity","rawVSIC2","Soil Plot 3, depth 3"
"NEON.D09.DCFS.DP0.00094.001.02086.004.501.000",0.001,"DCFS","Soil water and salinity","rawVSIC2","Soil Plot 4, depth 3"
"NEON.D09.DCFS.DP0.00094.001.02086.005.501.000",0.004,"DCFS","Soil water and salinity","rawVSIC2","Soil Plot 5, depth 3"
"NEON.D09.DCFS.DP0.00094.001.02087.001.501.000",0.006,"DCFS","Soil water and salinity","rawVSWC3","Soil Plot 1, depth 4"
"NEON.D09.DCFS.DP0.00094.001.02087.002.501.000",0.015,"DCFS","Soil water and salinity","rawVSWC3","Soil Plot 2, depth 4"
"NEON.D09.DCFS.DP0.00094.001.02087.003.501.000",0.004,"DCFS","Soil water and salinity","rawVSWC3","Soil Plot 3, depth 4"
"NEON.D09.DCFS.DP0.00094.001.02087.004.501.000",0.005,"DCFS","Soil water and salinity","rawVSWC3","Soil Plot 4, depth 4"
"NEON.D09.DCFS.DP0.00094.001.02087.005.501.000",2.079,"DCFS","Soil water and salinity","rawVSWC3","Soil Plot 5, depth 4"
"NEON.D09.DCFS.DP0.00094.001.02088.001.501.000",0.904,"DCFS","Soil water and salinity","rawVSIC3","Soil Plot 1, depth 4"
"NEON.D09.DCFS.DP0.00094.001.02088.002.501.000",0.002,"DCFS","Soil water and salinity","rawVSIC3","Soil Plot 2, depth 4"
"NEON.D09.DCFS.DP0.00094.001.02088.003.501.000",0.004,"DCFS","Soil water and salinity","rawVSIC3","Soil Plot 3, depth 4"
"NEON.D09.DCFS.DP0.00094.001.02088.004.501.000",0.001,"DCFS","Soil water and salinity","rawVSIC3","Soil Plot 4, depth 4"
"NEON.D09.DCFS.DP0.00094.001.02088.005.501.000",0.093,"DCFS","Soil water and salinity","rawVSIC3","Soil Plot 5, depth 4"
"NEON.D09.DCFS.DP0.00094.001.02089.001.501.000",0.239,"DCFS","Soil water and salinity","rawVSWC4","Soil Plot 1, depth 5"
"NEON.D09.DCFS.DP0.00094.001.02089.002.501.000",0,"DCFS","Soil water and salinity","rawVSWC4","Soil Plot 2, depth 5"
"NEON.D09.DCFS.DP0.00094.001.02089.003.501.000",0.005,"DCFS","Soil water and salinity","rawVSWC4","Soil Plot 3, depth 5"
"NEON.D09.DCFS.DP0.00094.001.02089.004.501.000",0.004,"DCFS","Soil water and salinity","rawVSWC4","Soil Plot 4, depth 5"
"NEON.D09.DCFS.DP0.00094.001.02089.005.501.000",0.05,"DCFS","Soil water and salinity","rawVSWC4","Soil Plot 5, depth 5"
"NEON.D09.DCFS.DP0.00094.001.02090.001.501.000",0.018,"DCFS","Soil water and salinity","rawVSIC4","Soil Plot 1, depth 5"
"NEON.D09.DCFS.DP0.00094.001.02090.002.501.000",0.251,"DCFS","Soil water and salinity","rawVSIC4","Soil Plot 2, depth 5"
"NEON.D09.DCFS.DP0.00094.001.02090.003.501.000",0.002,"DCFS","Soil water and salinity","rawVSIC4","Soil Plot 3, depth 5"
"NEON.D09.DCFS.DP0.00094.001.02090.004.501.000",2.228,"DCFS","Soil water and salinity","rawVSIC4","Soil Plot 4, depth 5"
"NEON.D09.DCFS.DP0.00094.001.02090.005.501.000",0.008,"DCFS","Soil water and salinity","rawVSIC4","Soil Plot 5, depth 5"
"NEON.D09.DCFS.DP0.00094.001.02091.001.501.000",1.161,"DCFS","Soil water and salinity","rawVSWC5","Soil Plot 1, depth 6"
"NEON.D09.DCFS.DP0.00094.001.02091.002.501.000",0.125,"DCFS","Soil water and salinity","rawVSWC5","Soil Plot 2, depth 6"
"NEON.D09.DCFS.DP0.00094.001.02091.003.501.000",12.516,"DCFS","Soil water and salinity","rawVSWC5","Soil Plot 3, depth 6"
"NEON.D09.DCFS.DP0.00094.001.02091.004.501.000",0.005,"DCFS","Soil water and salinity","rawVSWC5","Soil Plot 4, depth 6"
"NEON.D09.DCFS.DP0.00094.001.02091.005.501.000",0.334,"DCFS","Soil water and salinity","rawVSWC5","Soil Plot 5, depth 6"
"NEON.D09.DCFS.DP0.00094.001.02092.001.501.000",0.257,"DCFS","Soil water and salinity","rawVSIC5","Soil Plot 1, depth 6"
"NEON.D09.DCFS.DP0.00094.001.02092.002.501.000",2.584,"DCFS","Soil water and salinity","rawVSIC5","Soil Plot 2, depth 6"
"NEON.D09.DCFS.DP0.00094.001.02092.003.501.000",0.047,"DCFS","Soil water and salinity","rawVSIC5","Soil Plot 3, depth 6"
"NEON.D09.DCFS.DP0.00094.001.02092.004.501.000",0.002,"DCFS","Soil water and salinity","rawVSIC5","Soil Plot 4, depth 6"
"NEON.D09.DCFS.DP0.00094.001.02092.005.501.000",0.042,"DCFS","Soil water and salinity","rawVSIC5","Soil Plot 5, depth 6"
"NEON.D09.DCFS.DP0.00094.001.02093.001.501.000",0.01,"DCFS","Soil water and salinity","rawVSWC6","Soil Plot 1, depth 7"
"NEON.D09.DCFS.DP0.00094.001.02093.002.501.000",0.893,"DCFS","Soil water and salinity","rawVSWC6","Soil Plot 2, depth 7"
"NEON.D09.DCFS.DP0.00094.001.02093.003.501.000",1.567,"DCFS","Soil water and salinity","rawVSWC6","Soil Plot 3, depth 7"
"NEON.D09.DCFS.DP0.00094.001.02093.004.501.000",1.16,"DCFS","Soil water and salinity","rawVSWC6","Soil Plot 4, depth 7"
"NEON.D09.DCFS.DP0.00094.001.02093.005.501.000",0.005,"DCFS","Soil water and salinity","rawVSWC6","Soil Plot 5, depth 7"
"NEON.D09.DCFS.DP0.00094.001.02094.001.501.000",0.001,"DCFS","Soil water and salinity","rawVSIC6","Soil Plot 1, depth 7"
"NEON.D09.DCFS.DP0.00094.001.02094.002.501.000",0.189,"DCFS","Soil water and salinity","rawVSIC6","Soil Plot 2, depth 7"
"NEON.D09.DCFS.DP0.00094.001.02094.003.501.000",0.097,"DCFS","Soil water and salinity","rawVSIC6","Soil Plot 3, depth 7"
"NEON.D09.DCFS.DP0.00094.001.02094.004.501.000",1.035,"DCFS","Soil water and salinity","rawVSIC6","Soil Plot 4, depth 7"
"NEON.D09.DCFS.DP0.00094.001.02094.005.501.000",0.002,"DCFS","Soil water and salinity","rawVSIC6","Soil Plot 5, depth 7"
"NEON.D09.DCFS.DP0.00094.001.02095.001.501.000",0.787,"DCFS","Soil water and salinity","rawVSWC7","Soil Plot 1, depth 8"
"NEON.D09.DCFS.DP0.00094.001.02095.002.501.000",NA,"DCFS","Soil water and salinity","rawVSWC7","Soil Plot 2, depth 8"
"NEON.D09.DCFS.DP0.00094.001.02095.003.501.000",0.035,"DCFS","Soil water and salinity","rawVSWC7","Soil Plot 3, depth 8"
"NEON.D09.DCFS.DP0.00094.001.02095.004.501.000",0.062,"DCFS","Soil water and salinity","rawVSWC7","Soil Plot 4, depth 8"
"NEON.D09.DCFS.DP0.00094.001.02095.005.501.000",0.005,"DCFS","Soil water and salinity","rawVSWC7","Soil Plot 5, depth 8"
"NEON.D09.DCFS.DP0.00094.001.02096.001.501.000",0.254,"DCFS","Soil water and salinity","rawVSIC7","Soil Plot 1, depth 8"
"NEON.D09.DCFS.DP0.00094.001.02096.002.501.000",NA,"DCFS","Soil water and salinity","rawVSIC7","Soil Plot 2, depth 8"
"NEON.D09.DCFS.DP0.00094.001.02096.003.501.000",0.022,"DCFS","Soil water and salinity","rawVSIC7","Soil Plot 3, depth 8"
"NEON.D09.DCFS.DP0.00094.001.02096.004.501.000",0.035,"DCFS","Soil water and salinity","rawVSIC7","Soil Plot 4, depth 8"
"NEON.D09.DCFS.DP0.00094.001.02096.005.501.000",0.005,"DCFS","Soil water and salinity","rawVSIC7","Soil Plot 5, depth 8"
"NEON.D09.DCFS.DP0.00095.001.01729.001.501.000",0.042,"DCFS","Soil CO2 concentration","rawCO2","Soil Plot 1, depth 1"
"NEON.D09.DCFS.DP0.00095.001.01729.001.502.000",0.037,"DCFS","Soil CO2 concentration","rawCO2","Soil Plot 1, depth 2"
"NEON.D09.DCFS.DP0.00095.001.01729.001.503.000",0.038,"DCFS","Soil CO2 concentration","rawCO2","Soil Plot 1, depth 3"
"NEON.D09.DCFS.DP0.00095.001.01729.002.501.000",0.064,"DCFS","Soil CO2 concentration","rawCO2","Soil Plot 2, depth 1"
"NEON.D09.DCFS.DP0.00095.001.01729.002.502.000",0.114,"DCFS","Soil CO2 concentration","rawCO2","Soil Plot 2, depth 2"
"NEON.D09.DCFS.DP0.00095.001.01729.002.503.000",0.057,"DCFS","Soil CO2 concentration","rawCO2","Soil Plot 2, depth 3"
"NEON.D09.DCFS.DP0.00095.001.01729.003.501.000",0.065,"DCFS","Soil CO2 concentration","rawCO2","Soil Plot 3, depth 1"
"NEON.D09.DCFS.DP0.00095.001.01729.003.502.000",0.067,"DCFS","Soil CO2 concentration","rawCO2","Soil Plot 3, depth 2"
"NEON.D09.DCFS.DP0.00095.001.01729.003.503.000",0.035,"DCFS","Soil CO2 concentration","rawCO2","Soil Plot 3, depth 3"
"NEON.D09.DCFS.DP0.00095.001.01729.004.501.000",0.058,"DCFS","Soil CO2 concentration","rawCO2","Soil Plot 4, depth 1"
"NEON.D09.DCFS.DP0.00095.001.01729.004.502.000",0.054,"DCFS","Soil CO2 concentration","rawCO2","Soil Plot 4, depth 2"
"NEON.D09.DCFS.DP0.00095.001.01729.004.503.000",0.056,"DCFS","Soil CO2 concentration","rawCO2","Soil Plot 4, depth 3"
"NEON.D09.DCFS.DP0.00095.001.01729.005.501.000",0.035,"DCFS","Soil CO2 concentration","rawCO2","Soil Plot 5, depth 1"
"NEON.D09.DCFS.DP0.00095.001.01729.005.502.000",0.036,"DCFS","Soil CO2 concentration","rawCO2","Soil Plot 5, depth 2"
"NEON.D09.DCFS.DP0.00095.001.01729.005.503.000",0.033,"DCFS","Soil CO2 concentration","rawCO2","Soil Plot 5, depth 3"
"NEON.D09.DCFS.DP0.00095.001.01730.001.501.000",0.257,"DCFS","Soil CO2 concentration","headspaceTemp","Soil Plot 1, depth 1"
"NEON.D09.DCFS.DP0.00095.001.01730.001.502.000",0.242,"DCFS","Soil CO2 concentration","headspaceTemp","Soil Plot 1, depth 2"
"NEON.D09.DCFS.DP0.00095.001.01730.001.503.000",0.222,"DCFS","Soil CO2 concentration","headspaceTemp","Soil Plot 1, depth 3"
"NEON.D09.DCFS.DP0.00095.001.01730.002.501.000",0.282,"DCFS","Soil CO2 concentration","headspaceTemp","Soil Plot 2, depth 1"
"NEON.D09.DCFS.DP0.00095.001.01730.002.502.000",0.236,"DCFS","Soil CO2 concentration","headspaceTemp","Soil Plot 2, depth 2"
"NEON.D09.DCFS.DP0.00095.001.01730.002.503.000",0.232,"DCFS","Soil CO2 concentration","headspaceTemp","Soil Plot 2, depth 3"
"NEON.D09.DCFS.DP0.00095.001.01730.003.501.000",0.252,"DCFS","Soil CO2 concentration","headspaceTemp","Soil Plot 3, depth 1"
"NEON.D09.DCFS.DP0.00095.001.01730.003.502.000",0.237,"DCFS","Soil CO2 concentration","headspaceTemp","Soil Plot 3, depth 2"
"NEON.D09.DCFS.DP0.00095.001.01730.003.503.000",0.198,"DCFS","Soil CO2 concentration","headspaceTemp","Soil Plot 3, depth 3"
"NEON.D09.DCFS.DP0.00095.001.01730.004.501.000",0.261,"DCFS","Soil CO2 concentration","headspaceTemp","Soil Plot 4, depth 1"
"NEON.D09.DCFS.DP0.00095.001.01730.004.502.000",0.261,"DCFS","Soil CO2 concentration","headspaceTemp","Soil Plot 4, depth 2"
"NEON.D09.DCFS.DP0.00095.001.01730.004.503.000",0.218,"DCFS","Soil CO2 concentration","headspaceTemp","Soil Plot 4, depth 3"
"NEON.D09.DCFS.DP0.00095.001.01730.005.501.000",0.206,"DCFS","Soil CO2 concentration","headspaceTemp","Soil Plot 5, depth 1"
"NEON.D09.DCFS.DP0.00095.001.01730.005.502.000",0.2,"DCFS","Soil CO2 concentration","headspaceTemp","Soil Plot 5, depth 2"
"NEON.D09.DCFS.DP0.00095.001.01730.005.503.000",0.194,"DCFS","Soil CO2 concentration","headspaceTemp","Soil Plot 5, depth 3"
"NEON.D09.DCFS.DP0.00095.001.01731.001.501.000",0,"DCFS","Soil CO2 concentration","errorStatus","Soil Plot 1, depth 1"
"NEON.D09.DCFS.DP0.00095.001.01731.001.502.000",0,"DCFS","Soil CO2 concentration","errorStatus","Soil Plot 1, depth 2"
"NEON.D09.DCFS.DP0.00095.001.01731.001.503.000",0,"DCFS","Soil CO2 concentration","errorStatus","Soil Plot 1, depth 3"
"NEON.D09.DCFS.DP0.00095.001.01731.002.501.000",0,"DCFS","Soil CO2 concentration","errorStatus","Soil Plot 2, depth 1"
"NEON.D09.DCFS.DP0.00095.001.01731.002.502.000",0,"DCFS","Soil CO2 concentration","errorStatus","Soil Plot 2, depth 2"
"NEON.D09.DCFS.DP0.00095.001.01731.002.503.000",0,"DCFS","Soil CO2 concentration","errorStatus","Soil Plot 2, depth 3"
"NEON.D09.DCFS.DP0.00095.001.01731.003.501.000",0,"DCFS","Soil CO2 concentration","errorStatus","Soil Plot 3, depth 1"
"NEON.D09.DCFS.DP0.00095.001.01731.003.502.000",0,"DCFS","Soil CO2 concentration","errorStatus","Soil Plot 3, depth 2"
"NEON.D09.DCFS.DP0.00095.001.01731.003.503.000",0,"DCFS","Soil CO2 concentration","errorStatus","Soil Plot 3, depth 3"
"NEON.D09.DCFS.DP0.00095.001.01731.004.501.000",0,"DCFS","Soil CO2 concentration","errorStatus","Soil Plot 4, depth 1"
"NEON.D09.DCFS.DP0.00095.001.01731.004.502.000",0,"DCFS","Soil CO2 concentration","errorStatus","Soil Plot 4, depth 2"
"NEON.D09.DCFS.DP0.00095.001.01731.004.503.000",0,"DCFS","Soil CO2 concentration","errorStatus","Soil Plot 4, depth 3"
"NEON.D09.DCFS.DP0.00095.001.01731.005.501.000",0,"DCFS","Soil CO2 concentration","errorStatus","Soil Plot 5, depth 1"
"NEON.D09.DCFS.DP0.00095.001.01731.005.502.000",0,"DCFS","Soil CO2 concentration","errorStatus","Soil Plot 5, depth 2"
"NEON.D09.DCFS.DP0.00095.001.01731.005.503.000",0,"DCFS","Soil CO2 concentration","errorStatus","Soil Plot 5, depth 3"
"NEON.D09.DCFS.DP0.00098.001.01309.000.040.000",0.3,"DCFS","Relative Humidity","sensorTemp","Tower Top"
"NEON.D09.DCFS.DP0.00098.001.01309.003.000.000",0.366,"DCFS","Relative Humidity","sensorTemp","Soil Plot 3"
"NEON.D09.DCFS.DP0.00098.001.01357.000.040.000",0.288,"DCFS","Relative Humidity","RH","Tower Top"
"NEON.D09.DCFS.DP0.00098.001.01357.003.000.000",0.275,"DCFS","Relative Humidity","RH","Soil Plot 3"
"NEON.D09.DCFS.DP0.00098.001.01358.000.040.000",0.122,"DCFS","Relative Humidity","dewPoint","Tower Top"
"NEON.D09.DCFS.DP0.00098.001.01358.003.000.000",0.109,"DCFS","Relative Humidity","dewPoint","Soil Plot 3"
"NEON.D09.DCFS.DP0.00098.001.01359.000.040.000",0,"DCFS","Relative Humidity","RHStatus","Tower Top"
"NEON.D09.DCFS.DP0.00098.001.01359.003.000.000",0,"DCFS","Relative Humidity","RHStatus","Soil Plot 3"
"NEON.D09.DCFS.DP0.00102.001.02316.700.000.000",0.044,"DCFS","Atmospheric CO2 Isotope","fwMoleCO2","Hut"
"NEON.D09.DCFS.DP0.00102.001.02324.700.000.000",-0.098,"DCFS","Atmospheric CO2 Isotope","d13CO2","Hut"
"NEON.D09.DCFS.DP0.00102.001.02325.700.000.000",0.154,"DCFS","Atmospheric CO2 Isotope","percentFwMoleH2O","Hut"
"NEON.D09.DCFS.DP0.00104.001.02344.700.000.000",0.031,"DCFS","Hut environment","tempHut","Hut"
"NEON.D09.DCFS.DP0.00104.001.02347.700.000.000",0.069,"DCFS","Hut environment","H2OMixRatioHut","Hut"
"NEON.D09.DCFS.DP0.00105.001.02316.700.000.000",0.078,"DCFS","ECSE profile CO2 & H2O concentration (storage)","fwMoleCO2","Hut"
"NEON.D09.DCFS.DP0.00105.001.02348.700.000.000",0.137,"DCFS","ECSE profile CO2 & H2O concentration (storage)","fwMoleH2O","Hut"
"NEON.D09.DCFS.DP0.00106.001.01951.700.000.000",0.042,"DCFS","ECSE profile mass flow controller (sampling)","frt0","Hut"
"NEON.D09.DCFS.DP0.00108.001.01948.700.010.000",0.012,"DCFS","ECSE profile mass flow meter","presAtm","Hut, ML-1"
"NEON.D09.DCFS.DP0.00108.001.01948.700.020.000",0.012,"DCFS","ECSE profile mass flow meter","presAtm","Hut, ML-2"
"NEON.D09.DCFS.DP0.00108.001.01948.700.030.000",0.011,"DCFS","ECSE profile mass flow meter","presAtm","Hut, ML-3"
"NEON.D09.DCFS.DP0.00108.001.01948.700.040.000",0.009,"DCFS","ECSE profile mass flow meter","presAtm","Hut, ML-4"
"NEON.D09.DCFS.DP0.00108.001.01951.700.010.000",0.055,"DCFS","ECSE profile mass flow meter","frt0","Hut, ML-1"
"NEON.D09.DCFS.DP0.00108.001.01951.700.020.000",0.054,"DCFS","ECSE profile mass flow meter","frt0","Hut, ML-2"
"NEON.D09.DCFS.DP0.00108.001.01951.700.030.000",0.053,"DCFS","ECSE profile mass flow meter","frt0","Hut, ML-3"
"NEON.D09.DCFS.DP0.00108.001.01951.700.040.000",0.051,"DCFS","ECSE profile mass flow meter","frt0","Hut, ML-4"
"NEON.D09.DCFS.DP0.00109.001.02196.000.010.000",0.011,"DCFS","ECSE profile inlet pressure","presGage","Meas. Level 1"
"NEON.D09.DCFS.DP0.00109.001.02196.000.020.000",0.011,"DCFS","ECSE profile inlet pressure","presGage","Meas. Level 2"
"NEON.D09.DCFS.DP0.00109.001.02196.000.030.000",0.406,"DCFS","ECSE profile inlet pressure","presGage","Meas. Level 3"
"NEON.D09.DCFS.DP0.00109.001.02196.000.040.000",0.404,"DCFS","ECSE profile inlet pressure","presGage","Tower Top"
"NEON.D09.DCFS.DP0.00112.001.02351.700.000.000",0.004,"DCFS","ECSE profile sampling pump","pumpVoltage","Hut"
"NEON.D09.DCFS.DP0.00112.001.02351.700.010.000",0.014,"DCFS","ECSE profile sampling pump","pumpVoltage","Hut, ML-1"
"NEON.D09.DCFS.DP0.00112.001.02351.700.020.000",0.016,"DCFS","ECSE profile sampling pump","pumpVoltage","Hut, ML-2"
"NEON.D09.DCFS.DP0.00112.001.02351.700.030.000",0.021,"DCFS","ECSE profile sampling pump","pumpVoltage","Hut, ML-3"
"NEON.D09.DCFS.DP0.00112.001.02351.700.040.000",0.016,"DCFS","ECSE profile sampling pump","pumpVoltage","Hut, ML-4"
