"streams","percent.in.range","site","dp.name","term.name","location"
"NEON.D18.TOOL.DP0.00001.001.01306.000.010.000",99.5,"TOOL","2D Wind Speed and Direction","uVectorComponent","Meas. Level 1"
"NEON.D18.TOOL.DP0.00001.001.01306.000.020.000",99.4,"TOOL","2D Wind Speed and Direction","uVectorComponent","Meas. Level 2"
"NEON.D18.TOOL.DP0.00001.001.01306.000.030.000",NA,"TOOL","2D Wind Speed and Direction","uVectorComponent","Meas. Level 3"
"NEON.D18.TOOL.DP0.00001.001.01307.000.010.000",99.5,"TOOL","2D Wind Speed and Direction","vVectorComponent","Meas. Level 1"
"NEON.D18.TOOL.DP0.00001.001.01307.000.020.000",99.4,"TOOL","2D Wind Speed and Direction","vVectorComponent","Meas. Level 2"
"NEON.D18.TOOL.DP0.00001.001.01307.000.030.000",NA,"TOOL","2D Wind Speed and Direction","vVectorComponent","Meas. Level 3"
"NEON.D18.TOOL.DP0.00001.001.01308.000.010.000",NA,"TOOL","2D Wind Speed and Direction","soundSpeed","Meas. Level 1"
"NEON.D18.TOOL.DP0.00001.001.01308.000.020.000",NA,"TOOL","2D Wind Speed and Direction","soundSpeed","Meas. Level 2"
"NEON.D18.TOOL.DP0.00001.001.01308.000.030.000",NA,"TOOL","2D Wind Speed and Direction","soundSpeed","Meas. Level 3"
"NEON.D18.TOOL.DP0.00001.001.01309.000.010.000",NA,"TOOL","2D Wind Speed and Direction","sensorTemp","Meas. Level 1"
"NEON.D18.TOOL.DP0.00001.001.01309.000.020.000",NA,"TOOL","2D Wind Speed and Direction","sensorTemp","Meas. Level 2"
"NEON.D18.TOOL.DP0.00001.001.01309.000.030.000",NA,"TOOL","2D Wind Speed and Direction","sensorTemp","Meas. Level 3"
"NEON.D18.TOOL.DP0.00001.001.01310.000.010.000",NA,"TOOL","2D Wind Speed and Direction","2dWindSensorStatus","Meas. Level 1"
"NEON.D18.TOOL.DP0.00001.001.01310.000.020.000",NA,"TOOL","2D Wind Speed and Direction","2dWindSensorStatus","Meas. Level 2"
"NEON.D18.TOOL.DP0.00001.001.01310.000.030.000",NA,"TOOL","2D Wind Speed and Direction","2dWindSensorStatus","Meas. Level 3"
"NEON.D18.TOOL.DP0.00002.001.01325.000.010.000",99.4,"TOOL","Single Aspirated Air Temperature","PRTResistance","Meas. Level 1"
"NEON.D18.TOOL.DP0.00002.001.01325.000.020.000",99.5,"TOOL","Single Aspirated Air Temperature","PRTResistance","Meas. Level 2"
"NEON.D18.TOOL.DP0.00002.001.01325.000.030.000",NA,"TOOL","Single Aspirated Air Temperature","PRTResistance","Meas. Level 3"
"NEON.D18.TOOL.DP0.00002.001.01326.000.010.000",99.4,"TOOL","Single Aspirated Air Temperature","fanSpeed","Meas. Level 1"
"NEON.D18.TOOL.DP0.00002.001.01326.000.020.000",99.1,"TOOL","Single Aspirated Air Temperature","fanSpeed","Meas. Level 2"
"NEON.D18.TOOL.DP0.00002.001.01326.000.030.000",NA,"TOOL","Single Aspirated Air Temperature","fanSpeed","Meas. Level 3"
"NEON.D18.TOOL.DP0.00002.001.01330.000.010.000",99.4,"TOOL","Single Aspirated Air Temperature","turbineSpeed","Meas. Level 1"
"NEON.D18.TOOL.DP0.00002.001.01330.000.020.000",99.5,"TOOL","Single Aspirated Air Temperature","turbineSpeed","Meas. Level 2"
"NEON.D18.TOOL.DP0.00002.001.01330.000.030.000",NA,"TOOL","Single Aspirated Air Temperature","turbineSpeed","Meas. Level 3"
"NEON.D18.TOOL.DP0.00003.001.01325.000.040.101",99.3,"TOOL","Triple Aspirated Air Temperature","PRTResistance","Tower Top"
"NEON.D18.TOOL.DP0.00003.001.01325.000.040.102",99.4,"TOOL","Triple Aspirated Air Temperature","PRTResistance","Tower Top"
"NEON.D18.TOOL.DP0.00003.001.01325.000.040.103",99.4,"TOOL","Triple Aspirated Air Temperature","PRTResistance","Tower Top"
"NEON.D18.TOOL.DP0.00003.001.01326.000.040.000",99.3,"TOOL","Triple Aspirated Air Temperature","fanSpeed","Tower Top"
"NEON.D18.TOOL.DP0.00003.001.01330.000.040.000",99.3,"TOOL","Triple Aspirated Air Temperature","turbineSpeed","Tower Top"
"NEON.D18.TOOL.DP0.00004.001.01309.000.035.000",99.4,"TOOL","Barometric Pressure","sensorTemp","Meas. Level 3.5"
"NEON.D18.TOOL.DP0.00004.001.01311.000.035.000",0,"TOOL","Barometric Pressure","rawBarometricPressure","Meas. Level 3.5"
"NEON.D18.TOOL.DP0.00004.001.01312.000.035.000",0,"TOOL","Barometric Pressure","sensorStatus","Meas. Level 3.5"
"NEON.D18.TOOL.DP0.00005.001.01313.000.010.000",99.4,"TOOL","IR Biological Temperature","infraredThermopileOutput","Meas. Level 1"
"NEON.D18.TOOL.DP0.00005.001.01313.000.020.000",99.1,"TOOL","IR Biological Temperature","infraredThermopileOutput","Meas. Level 2"
"NEON.D18.TOOL.DP0.00005.001.01313.003.000.000",99.4,"TOOL","IR Biological Temperature","infraredThermopileOutput","Soil Plot 3"
"NEON.D18.TOOL.DP0.00005.001.01314.000.010.000",99.4,"TOOL","IR Biological Temperature","sensorResistance","Meas. Level 1"
"NEON.D18.TOOL.DP0.00005.001.01314.000.020.000",99.1,"TOOL","IR Biological Temperature","sensorResistance","Meas. Level 2"
"NEON.D18.TOOL.DP0.00005.001.01314.003.000.000",99.4,"TOOL","IR Biological Temperature","sensorResistance","Soil Plot 3"
"NEON.D18.TOOL.DP0.00006.001.01322.900.000.000",NA,"TOOL","Precipitation","secPrecipBucketTips","DFIR"
"NEON.D18.TOOL.DP0.00006.001.01897.900.000.000",99.7,"TOOL","Precipitation","strainGauge1Stability","DFIR"
"NEON.D18.TOOL.DP0.00006.001.01898.900.000.000",99.7,"TOOL","Precipitation","strainGauge1Temp","DFIR"
"NEON.D18.TOOL.DP0.00006.001.01900.900.000.000",0,"TOOL","Precipitation","strainGauge1FreqRaw","DFIR"
"NEON.D18.TOOL.DP0.00006.001.01901.900.000.000",99.7,"TOOL","Precipitation","strainGauge1Weight","DFIR"
"NEON.D18.TOOL.DP0.00006.001.01903.900.000.000",0,"TOOL","Precipitation","totalGaugeWeight","DFIR"
"NEON.D18.TOOL.DP0.00006.001.01904.900.000.000",99.7,"TOOL","Precipitation","totalPrecipDepth","DFIR"
"NEON.D18.TOOL.DP0.00006.001.01905.900.000.000",99.7,"TOOL","Precipitation","inletTemp","DFIR"
"NEON.D18.TOOL.DP0.00006.001.01906.900.000.000",99.7,"TOOL","Precipitation","internalTemp","DFIR"
"NEON.D18.TOOL.DP0.00006.001.01907.900.000.000",57.8,"TOOL","Precipitation","precipAccumulationRate","DFIR"
"NEON.D18.TOOL.DP0.00006.001.01999.900.000.000",0,"TOOL","Precipitation","strainGauge1FreqComp","DFIR"
"NEON.D18.TOOL.DP0.00006.001.02000.900.000.000",99.7,"TOOL","Precipitation","orificeHeaterFlag","DFIR"
"NEON.D18.TOOL.DP0.00006.001.02068.900.000.000",99.6,"TOOL","Precipitation","strainGauge2Stability","DFIR"
"NEON.D18.TOOL.DP0.00006.001.02069.900.000.000",99.7,"TOOL","Precipitation","strainGauge3Stability","DFIR"
"NEON.D18.TOOL.DP0.00006.001.02070.900.000.000",99.7,"TOOL","Precipitation","strainGauge2Temp","DFIR"
"NEON.D18.TOOL.DP0.00006.001.02071.900.000.000",99.7,"TOOL","Precipitation","strainGauge3Temp","DFIR"
"NEON.D18.TOOL.DP0.00006.001.02072.900.000.000",0,"TOOL","Precipitation","strainGauge2FreqRaw","DFIR"
"NEON.D18.TOOL.DP0.00006.001.02073.900.000.000",0,"TOOL","Precipitation","strainGauge3FreqRaw","DFIR"
"NEON.D18.TOOL.DP0.00006.001.02074.900.000.000",99.7,"TOOL","Precipitation","strainGauge2Weight","DFIR"
"NEON.D18.TOOL.DP0.00006.001.02075.900.000.000",0,"TOOL","Precipitation","strainGauge3Weight","DFIR"
"NEON.D18.TOOL.DP0.00006.001.02076.900.000.000",0,"TOOL","Precipitation","strainGauge2FreqComp","DFIR"
"NEON.D18.TOOL.DP0.00006.001.02077.900.000.000",0,"TOOL","Precipitation","strainGauge3FreqComp","DFIR"
"NEON.D18.TOOL.DP0.00014.001.01332.000.040.000",99.4,"TOOL","Shortwave Radiation (Direct and Diffuse Pyranometer)","rawShortwaveRadiationGlobal","Tower Top"
"NEON.D18.TOOL.DP0.00014.001.01333.000.040.000",99.4,"TOOL","Shortwave Radiation (Direct and Diffuse Pyranometer)","rawShortwaveRadiationDiffuse","Tower Top"
"NEON.D18.TOOL.DP0.00014.001.01334.000.040.000",99.4,"TOOL","Shortwave Radiation (Direct and Diffuse Pyranometer)","sunPresence","Tower Top"
"NEON.D18.TOOL.DP0.00022.001.01324.000.040.000",99.4,"TOOL","Shortwave Radiation (Primary Pyranometer)","pyranometerOutput","Tower Top"
"NEON.D18.TOOL.DP0.00022.001.01325.000.040.000",0,"TOOL","Shortwave Radiation (Primary Pyranometer)","PRTResistance","Tower Top"
"NEON.D18.TOOL.DP0.00022.001.01326.000.040.000",99.4,"TOOL","Shortwave Radiation (Primary Pyranometer)","fanSpeed","Tower Top"
"NEON.D18.TOOL.DP0.00023.001.01314.000.040.000",99.3,"TOOL","Shortwave/Longwave Net Radiation","sensorResistance","Tower Top"
"NEON.D18.TOOL.DP0.00023.001.01314.003.000.000",99.3,"TOOL","Shortwave/Longwave Net Radiation","sensorResistance","Soil Plot 3"
"NEON.D18.TOOL.DP0.00023.001.01315.000.040.000",99.3,"TOOL","Shortwave/Longwave Net Radiation","inNetRadPyranometer","Tower Top"
"NEON.D18.TOOL.DP0.00023.001.01316.000.040.000",99.3,"TOOL","Shortwave/Longwave Net Radiation","outNetRadPyranometer","Tower Top"
"NEON.D18.TOOL.DP0.00023.001.01317.000.040.000",99.3,"TOOL","Shortwave/Longwave Net Radiation","inNetRadPyrgeometer","Tower Top"
"NEON.D18.TOOL.DP0.00023.001.01317.003.000.000",99.3,"TOOL","Shortwave/Longwave Net Radiation","inNetRadPyrgeometer","Soil Plot 3"
"NEON.D18.TOOL.DP0.00023.001.01318.000.040.000",99.3,"TOOL","Shortwave/Longwave Net Radiation","outNetRadPyrgeometer","Tower Top"
"NEON.D18.TOOL.DP0.00023.001.01318.003.000.000",99.3,"TOOL","Shortwave/Longwave Net Radiation","outNetRadPyrgeometer","Soil Plot 3"
"NEON.D18.TOOL.DP0.00024.001.01320.000.010.000",99.1,"TOOL","Photosynthetically Active Radiation","inPAR","Meas. Level 1"
"NEON.D18.TOOL.DP0.00024.001.01320.000.020.000",99.4,"TOOL","Photosynthetically Active Radiation","inPAR","Meas. Level 2"
"NEON.D18.TOOL.DP0.00024.001.01320.000.030.000",99.4,"TOOL","Photosynthetically Active Radiation","inPAR","Meas. Level 3"
"NEON.D18.TOOL.DP0.00024.001.01320.000.040.000",99.5,"TOOL","Photosynthetically Active Radiation","inPAR","Tower Top"
"NEON.D18.TOOL.DP0.00024.001.01321.000.040.000",99.4,"TOOL","Photosynthetically Active Radiation","outPAR","Tower Top"
"NEON.D18.TOOL.DP0.00040.001.01798.001.501.000",99.4,"TOOL","Soil heat flux plate","SHFVoltage","Soil Plot 1, depth 1"
"NEON.D18.TOOL.DP0.00040.001.01798.003.501.000",99.4,"TOOL","Soil heat flux plate","SHFVoltage","Soil Plot 3, depth 1"
"NEON.D18.TOOL.DP0.00040.001.01798.005.501.000",99.3,"TOOL","Soil heat flux plate","SHFVoltage","Soil Plot 5, depth 1"
"NEON.D18.TOOL.DP0.00040.001.01799.001.501.000",NA,"TOOL","Soil heat flux plate","SHFCalHeaterFlag","Soil Plot 1, depth 1"
"NEON.D18.TOOL.DP0.00040.001.01799.003.501.000",NA,"TOOL","Soil heat flux plate","SHFCalHeaterFlag","Soil Plot 3, depth 1"
"NEON.D18.TOOL.DP0.00040.001.01799.005.501.000",NA,"TOOL","Soil heat flux plate","SHFCalHeaterFlag","Soil Plot 5, depth 1"
"NEON.D18.TOOL.DP0.00040.001.01800.001.501.000",1.5,"TOOL","Soil heat flux plate","curVoltage","Soil Plot 1, depth 1"
"NEON.D18.TOOL.DP0.00040.001.01800.003.501.000",50.2,"TOOL","Soil heat flux plate","curVoltage","Soil Plot 3, depth 1"
"NEON.D18.TOOL.DP0.00040.001.01800.005.501.000",99.2,"TOOL","Soil heat flux plate","curVoltage","Soil Plot 5, depth 1"
"NEON.D18.TOOL.DP0.00041.001.01728.001.501.000",99.4,"TOOL","Soil temperature","soilPRTResistance","Soil Plot 1, depth 1"
"NEON.D18.TOOL.DP0.00041.001.01728.001.502.000",99.4,"TOOL","Soil temperature","soilPRTResistance","Soil Plot 1, depth 2"
"NEON.D18.TOOL.DP0.00041.001.01728.001.503.000",99.4,"TOOL","Soil temperature","soilPRTResistance","Soil Plot 1, depth 3"
"NEON.D18.TOOL.DP0.00041.001.01728.002.501.000",99.5,"TOOL","Soil temperature","soilPRTResistance","Soil Plot 2, depth 1"
"NEON.D18.TOOL.DP0.00041.001.01728.002.502.000",99.5,"TOOL","Soil temperature","soilPRTResistance","Soil Plot 2, depth 2"
"NEON.D18.TOOL.DP0.00041.001.01728.002.503.000",99.3,"TOOL","Soil temperature","soilPRTResistance","Soil Plot 2, depth 3"
"NEON.D18.TOOL.DP0.00041.001.01728.002.504.000",99.4,"TOOL","Soil temperature","soilPRTResistance","Soil Plot 2, depth 4"
"NEON.D18.TOOL.DP0.00041.001.01728.002.505.000",99.4,"TOOL","Soil temperature","soilPRTResistance","Soil Plot 2, depth 5"
"NEON.D18.TOOL.DP0.00041.001.01728.002.506.000",99.2,"TOOL","Soil temperature","soilPRTResistance","Soil Plot 2, depth 6"
"NEON.D18.TOOL.DP0.00041.001.01728.002.507.000",99.5,"TOOL","Soil temperature","soilPRTResistance","Soil Plot 2, depth 7"
"NEON.D18.TOOL.DP0.00041.001.01728.003.501.000",99.2,"TOOL","Soil temperature","soilPRTResistance","Soil Plot 3, depth 1"
"NEON.D18.TOOL.DP0.00041.001.01728.003.502.000",99.4,"TOOL","Soil temperature","soilPRTResistance","Soil Plot 3, depth 2"
"NEON.D18.TOOL.DP0.00041.001.01728.003.503.000",99.5,"TOOL","Soil temperature","soilPRTResistance","Soil Plot 3, depth 3"
"NEON.D18.TOOL.DP0.00041.001.01728.003.504.000",99.3,"TOOL","Soil temperature","soilPRTResistance","Soil Plot 3, depth 4"
"NEON.D18.TOOL.DP0.00041.001.01728.003.505.000",99.4,"TOOL","Soil temperature","soilPRTResistance","Soil Plot 3, depth 5"
"NEON.D18.TOOL.DP0.00041.001.01728.003.506.000",99.4,"TOOL","Soil temperature","soilPRTResistance","Soil Plot 3, depth 6"
"NEON.D18.TOOL.DP0.00041.001.01728.003.507.000",99.4,"TOOL","Soil temperature","soilPRTResistance","Soil Plot 3, depth 7"
"NEON.D18.TOOL.DP0.00041.001.01728.004.501.000",99.5,"TOOL","Soil temperature","soilPRTResistance","Soil Plot 4, depth 1"
"NEON.D18.TOOL.DP0.00041.001.01728.004.502.000",1.5,"TOOL","Soil temperature","soilPRTResistance","Soil Plot 4, depth 2"
"NEON.D18.TOOL.DP0.00041.001.01728.004.503.000",99.5,"TOOL","Soil temperature","soilPRTResistance","Soil Plot 4, depth 3"
"NEON.D18.TOOL.DP0.00041.001.01728.004.504.000",99.3,"TOOL","Soil temperature","soilPRTResistance","Soil Plot 4, depth 4"
"NEON.D18.TOOL.DP0.00041.001.01728.004.505.000",99.4,"TOOL","Soil temperature","soilPRTResistance","Soil Plot 4, depth 5"
"NEON.D18.TOOL.DP0.00041.001.01728.004.506.000",99.4,"TOOL","Soil temperature","soilPRTResistance","Soil Plot 4, depth 6"
"NEON.D18.TOOL.DP0.00041.001.01728.004.507.000",NA,"TOOL","Soil temperature","soilPRTResistance","Soil Plot 4, depth 7"
"NEON.D18.TOOL.DP0.00041.001.01728.005.501.000",99.5,"TOOL","Soil temperature","soilPRTResistance","Soil Plot 5, depth 1"
"NEON.D18.TOOL.DP0.00041.001.01728.005.502.000",99.4,"TOOL","Soil temperature","soilPRTResistance","Soil Plot 5, depth 2"
"NEON.D18.TOOL.DP0.00043.001.01331.000.040.000",NA,"TOOL","Spectral Sun Photometer - Calibrated Sky Radiances","spectralPhotometerK7","Tower Top"
"NEON.D18.TOOL.DP0.00066.001.01329.001.000.000",99.4,"TOOL","Photosynthetically active radiation (Quantum Line)","linePAR","Soil Plot 1"
"NEON.D18.TOOL.DP0.00066.001.01329.003.000.000",99.4,"TOOL","Photosynthetically active radiation (Quantum Line)","linePAR","Soil Plot 3"
"NEON.D18.TOOL.DP0.00066.001.01329.005.000.000",0,"TOOL","Photosynthetically active radiation (Quantum Line)","linePAR","Soil Plot 5"
"NEON.D18.TOOL.DP0.00094.001.02081.001.501.000",99.5,"TOOL","Soil water and salinity","rawVSWC0","Soil Plot 1, depth 1"
"NEON.D18.TOOL.DP0.00094.001.02081.002.501.000",NA,"TOOL","Soil water and salinity","rawVSWC0","Soil Plot 2, depth 1"
"NEON.D18.TOOL.DP0.00094.001.02081.003.501.000",99.4,"TOOL","Soil water and salinity","rawVSWC0","Soil Plot 3, depth 1"
"NEON.D18.TOOL.DP0.00094.001.02081.004.501.000",99.3,"TOOL","Soil water and salinity","rawVSWC0","Soil Plot 4, depth 1"
"NEON.D18.TOOL.DP0.00094.001.02081.005.501.000",99.4,"TOOL","Soil water and salinity","rawVSWC0","Soil Plot 5, depth 1"
"NEON.D18.TOOL.DP0.00094.001.02082.001.501.000",0,"TOOL","Soil water and salinity","rawVSIC0","Soil Plot 1, depth 1"
"NEON.D18.TOOL.DP0.00094.001.02082.002.501.000",NA,"TOOL","Soil water and salinity","rawVSIC0","Soil Plot 2, depth 1"
"NEON.D18.TOOL.DP0.00094.001.02082.003.501.000",0,"TOOL","Soil water and salinity","rawVSIC0","Soil Plot 3, depth 1"
"NEON.D18.TOOL.DP0.00094.001.02082.004.501.000",0,"TOOL","Soil water and salinity","rawVSIC0","Soil Plot 4, depth 1"
"NEON.D18.TOOL.DP0.00094.001.02082.005.501.000",0,"TOOL","Soil water and salinity","rawVSIC0","Soil Plot 5, depth 1"
"NEON.D18.TOOL.DP0.00094.001.02083.001.501.000",99.5,"TOOL","Soil water and salinity","rawVSWC1","Soil Plot 1, depth 2"
"NEON.D18.TOOL.DP0.00094.001.02083.002.501.000",NA,"TOOL","Soil water and salinity","rawVSWC1","Soil Plot 2, depth 2"
"NEON.D18.TOOL.DP0.00094.001.02083.003.501.000",99.4,"TOOL","Soil water and salinity","rawVSWC1","Soil Plot 3, depth 2"
"NEON.D18.TOOL.DP0.00094.001.02083.004.501.000",99.3,"TOOL","Soil water and salinity","rawVSWC1","Soil Plot 4, depth 2"
"NEON.D18.TOOL.DP0.00094.001.02084.001.501.000",0,"TOOL","Soil water and salinity","rawVSIC1","Soil Plot 1, depth 2"
"NEON.D18.TOOL.DP0.00094.001.02084.002.501.000",NA,"TOOL","Soil water and salinity","rawVSIC1","Soil Plot 2, depth 2"
"NEON.D18.TOOL.DP0.00094.001.02084.003.501.000",0,"TOOL","Soil water and salinity","rawVSIC1","Soil Plot 3, depth 2"
"NEON.D18.TOOL.DP0.00094.001.02084.004.501.000",0,"TOOL","Soil water and salinity","rawVSIC1","Soil Plot 4, depth 2"
"NEON.D18.TOOL.DP0.00094.001.02085.001.501.000",99.5,"TOOL","Soil water and salinity","rawVSWC2","Soil Plot 1, depth 3"
"NEON.D18.TOOL.DP0.00094.001.02085.002.501.000",NA,"TOOL","Soil water and salinity","rawVSWC2","Soil Plot 2, depth 3"
"NEON.D18.TOOL.DP0.00094.001.02085.003.501.000",99.4,"TOOL","Soil water and salinity","rawVSWC2","Soil Plot 3, depth 3"
"NEON.D18.TOOL.DP0.00094.001.02085.004.501.000",99.3,"TOOL","Soil water and salinity","rawVSWC2","Soil Plot 4, depth 3"
"NEON.D18.TOOL.DP0.00094.001.02086.001.501.000",0,"TOOL","Soil water and salinity","rawVSIC2","Soil Plot 1, depth 3"
"NEON.D18.TOOL.DP0.00094.001.02086.002.501.000",NA,"TOOL","Soil water and salinity","rawVSIC2","Soil Plot 2, depth 3"
"NEON.D18.TOOL.DP0.00094.001.02086.003.501.000",0,"TOOL","Soil water and salinity","rawVSIC2","Soil Plot 3, depth 3"
"NEON.D18.TOOL.DP0.00094.001.02086.004.501.000",0,"TOOL","Soil water and salinity","rawVSIC2","Soil Plot 4, depth 3"
"NEON.D18.TOOL.DP0.00094.001.02087.001.501.000",99.5,"TOOL","Soil water and salinity","rawVSWC3","Soil Plot 1, depth 4"
"NEON.D18.TOOL.DP0.00094.001.02087.002.501.000",NA,"TOOL","Soil water and salinity","rawVSWC3","Soil Plot 2, depth 4"
"NEON.D18.TOOL.DP0.00094.001.02087.003.501.000",99.4,"TOOL","Soil water and salinity","rawVSWC3","Soil Plot 3, depth 4"
"NEON.D18.TOOL.DP0.00094.001.02087.004.501.000",99.3,"TOOL","Soil water and salinity","rawVSWC3","Soil Plot 4, depth 4"
"NEON.D18.TOOL.DP0.00094.001.02088.001.501.000",0,"TOOL","Soil water and salinity","rawVSIC3","Soil Plot 1, depth 4"
"NEON.D18.TOOL.DP0.00094.001.02088.002.501.000",NA,"TOOL","Soil water and salinity","rawVSIC3","Soil Plot 2, depth 4"
"NEON.D18.TOOL.DP0.00094.001.02088.003.501.000",0,"TOOL","Soil water and salinity","rawVSIC3","Soil Plot 3, depth 4"
"NEON.D18.TOOL.DP0.00094.001.02088.004.501.000",0,"TOOL","Soil water and salinity","rawVSIC3","Soil Plot 4, depth 4"
"NEON.D18.TOOL.DP0.00094.001.02089.003.501.000",99.4,"TOOL","Soil water and salinity","rawVSWC4","Soil Plot 3, depth 5"
"NEON.D18.TOOL.DP0.00094.001.02089.004.501.000",99.3,"TOOL","Soil water and salinity","rawVSWC4","Soil Plot 4, depth 5"
"NEON.D18.TOOL.DP0.00094.001.02090.003.501.000",0,"TOOL","Soil water and salinity","rawVSIC4","Soil Plot 3, depth 5"
"NEON.D18.TOOL.DP0.00094.001.02090.004.501.000",0,"TOOL","Soil water and salinity","rawVSIC4","Soil Plot 4, depth 5"
"NEON.D18.TOOL.DP0.00094.001.02091.003.501.000",99.2,"TOOL","Soil water and salinity","rawVSWC5","Soil Plot 3, depth 6"
"NEON.D18.TOOL.DP0.00094.001.02091.004.501.000",99.4,"TOOL","Soil water and salinity","rawVSWC5","Soil Plot 4, depth 6"
"NEON.D18.TOOL.DP0.00094.001.02092.003.501.000",0,"TOOL","Soil water and salinity","rawVSIC5","Soil Plot 3, depth 6"
"NEON.D18.TOOL.DP0.00094.001.02092.004.501.000",0,"TOOL","Soil water and salinity","rawVSIC5","Soil Plot 4, depth 6"
"NEON.D18.TOOL.DP0.00095.001.01729.001.501.000",59.2,"TOOL","Soil CO2 concentration","rawCO2","Soil Plot 1, depth 1"
"NEON.D18.TOOL.DP0.00095.001.01729.001.502.000",99.9,"TOOL","Soil CO2 concentration","rawCO2","Soil Plot 1, depth 2"
"NEON.D18.TOOL.DP0.00095.001.01729.001.503.000",99.7,"TOOL","Soil CO2 concentration","rawCO2","Soil Plot 1, depth 3"
"NEON.D18.TOOL.DP0.00095.001.01729.002.501.000",0,"TOOL","Soil CO2 concentration","rawCO2","Soil Plot 2, depth 1"
"NEON.D18.TOOL.DP0.00095.001.01729.002.502.000",99.8,"TOOL","Soil CO2 concentration","rawCO2","Soil Plot 2, depth 2"
"NEON.D18.TOOL.DP0.00095.001.01729.002.503.000",99.5,"TOOL","Soil CO2 concentration","rawCO2","Soil Plot 2, depth 3"
"NEON.D18.TOOL.DP0.00095.001.01729.003.501.000",99.9,"TOOL","Soil CO2 concentration","rawCO2","Soil Plot 3, depth 1"
"NEON.D18.TOOL.DP0.00095.001.01729.003.502.000",99.3,"TOOL","Soil CO2 concentration","rawCO2","Soil Plot 3, depth 2"
"NEON.D18.TOOL.DP0.00095.001.01729.003.503.000",99.7,"TOOL","Soil CO2 concentration","rawCO2","Soil Plot 3, depth 3"
"NEON.D18.TOOL.DP0.00095.001.01729.004.501.000",99.5,"TOOL","Soil CO2 concentration","rawCO2","Soil Plot 4, depth 1"
"NEON.D18.TOOL.DP0.00095.001.01729.004.502.000",NA,"TOOL","Soil CO2 concentration","rawCO2","Soil Plot 4, depth 2"
"NEON.D18.TOOL.DP0.00095.001.01729.004.503.000",99.7,"TOOL","Soil CO2 concentration","rawCO2","Soil Plot 4, depth 3"
"NEON.D18.TOOL.DP0.00095.001.01729.005.501.000",99.8,"TOOL","Soil CO2 concentration","rawCO2","Soil Plot 5, depth 1"
"NEON.D18.TOOL.DP0.00095.001.01729.005.502.000",77.8,"TOOL","Soil CO2 concentration","rawCO2","Soil Plot 5, depth 2"
"NEON.D18.TOOL.DP0.00095.001.01729.005.503.000",86.3,"TOOL","Soil CO2 concentration","rawCO2","Soil Plot 5, depth 3"
"NEON.D18.TOOL.DP0.00095.001.01730.001.501.000",99.8,"TOOL","Soil CO2 concentration","headspaceTemp","Soil Plot 1, depth 1"
"NEON.D18.TOOL.DP0.00095.001.01730.001.502.000",99.9,"TOOL","Soil CO2 concentration","headspaceTemp","Soil Plot 1, depth 2"
"NEON.D18.TOOL.DP0.00095.001.01730.001.503.000",99.5,"TOOL","Soil CO2 concentration","headspaceTemp","Soil Plot 1, depth 3"
"NEON.D18.TOOL.DP0.00095.001.01730.002.501.000",99.8,"TOOL","Soil CO2 concentration","headspaceTemp","Soil Plot 2, depth 1"
"NEON.D18.TOOL.DP0.00095.001.01730.002.502.000",99.8,"TOOL","Soil CO2 concentration","headspaceTemp","Soil Plot 2, depth 2"
"NEON.D18.TOOL.DP0.00095.001.01730.002.503.000",99.4,"TOOL","Soil CO2 concentration","headspaceTemp","Soil Plot 2, depth 3"
"NEON.D18.TOOL.DP0.00095.001.01730.003.501.000",99.9,"TOOL","Soil CO2 concentration","headspaceTemp","Soil Plot 3, depth 1"
"NEON.D18.TOOL.DP0.00095.001.01730.003.502.000",99.4,"TOOL","Soil CO2 concentration","headspaceTemp","Soil Plot 3, depth 2"
"NEON.D18.TOOL.DP0.00095.001.01730.003.503.000",99.7,"TOOL","Soil CO2 concentration","headspaceTemp","Soil Plot 3, depth 3"
"NEON.D18.TOOL.DP0.00095.001.01730.004.501.000",99.5,"TOOL","Soil CO2 concentration","headspaceTemp","Soil Plot 4, depth 1"
"NEON.D18.TOOL.DP0.00095.001.01730.004.502.000",NA,"TOOL","Soil CO2 concentration","headspaceTemp","Soil Plot 4, depth 2"
"NEON.D18.TOOL.DP0.00095.001.01730.004.503.000",99.7,"TOOL","Soil CO2 concentration","headspaceTemp","Soil Plot 4, depth 3"
"NEON.D18.TOOL.DP0.00095.001.01730.005.501.000",99.8,"TOOL","Soil CO2 concentration","headspaceTemp","Soil Plot 5, depth 1"
"NEON.D18.TOOL.DP0.00095.001.01730.005.502.000",99.6,"TOOL","Soil CO2 concentration","headspaceTemp","Soil Plot 5, depth 2"
"NEON.D18.TOOL.DP0.00095.001.01730.005.503.000",99.5,"TOOL","Soil CO2 concentration","headspaceTemp","Soil Plot 5, depth 3"
"NEON.D18.TOOL.DP0.00095.001.01731.001.501.000",99.7,"TOOL","Soil CO2 concentration","errorStatus","Soil Plot 1, depth 1"
"NEON.D18.TOOL.DP0.00095.001.01731.001.502.000",99.9,"TOOL","Soil CO2 concentration","errorStatus","Soil Plot 1, depth 2"
"NEON.D18.TOOL.DP0.00095.001.01731.001.503.000",99.5,"TOOL","Soil CO2 concentration","errorStatus","Soil Plot 1, depth 3"
"NEON.D18.TOOL.DP0.00095.001.01731.002.501.000",99.8,"TOOL","Soil CO2 concentration","errorStatus","Soil Plot 2, depth 1"
"NEON.D18.TOOL.DP0.00095.001.01731.002.502.000",99.8,"TOOL","Soil CO2 concentration","errorStatus","Soil Plot 2, depth 2"
"NEON.D18.TOOL.DP0.00095.001.01731.002.503.000",99.4,"TOOL","Soil CO2 concentration","errorStatus","Soil Plot 2, depth 3"
"NEON.D18.TOOL.DP0.00095.001.01731.003.501.000",99.9,"TOOL","Soil CO2 concentration","errorStatus","Soil Plot 3, depth 1"
"NEON.D18.TOOL.DP0.00095.001.01731.003.502.000",99.4,"TOOL","Soil CO2 concentration","errorStatus","Soil Plot 3, depth 2"
"NEON.D18.TOOL.DP0.00095.001.01731.003.503.000",99.7,"TOOL","Soil CO2 concentration","errorStatus","Soil Plot 3, depth 3"
"NEON.D18.TOOL.DP0.00095.001.01731.004.501.000",99.5,"TOOL","Soil CO2 concentration","errorStatus","Soil Plot 4, depth 1"
"NEON.D18.TOOL.DP0.00095.001.01731.004.502.000",NA,"TOOL","Soil CO2 concentration","errorStatus","Soil Plot 4, depth 2"
"NEON.D18.TOOL.DP0.00095.001.01731.004.503.000",99.7,"TOOL","Soil CO2 concentration","errorStatus","Soil Plot 4, depth 3"
"NEON.D18.TOOL.DP0.00095.001.01731.005.501.000",99.8,"TOOL","Soil CO2 concentration","errorStatus","Soil Plot 5, depth 1"
"NEON.D18.TOOL.DP0.00095.001.01731.005.502.000",99.6,"TOOL","Soil CO2 concentration","errorStatus","Soil Plot 5, depth 2"
"NEON.D18.TOOL.DP0.00095.001.01731.005.503.000",99.5,"TOOL","Soil CO2 concentration","errorStatus","Soil Plot 5, depth 3"
"NEON.D18.TOOL.DP0.00098.001.01309.000.040.000",NA,"TOOL","Relative Humidity","sensorTemp","Tower Top"
"NEON.D18.TOOL.DP0.00098.001.01309.003.000.000",99.4,"TOOL","Relative Humidity","sensorTemp","Soil Plot 3"
"NEON.D18.TOOL.DP0.00098.001.01357.000.040.000",NA,"TOOL","Relative Humidity","RH","Tower Top"
"NEON.D18.TOOL.DP0.00098.001.01357.003.000.000",99.4,"TOOL","Relative Humidity","RH","Soil Plot 3"
"NEON.D18.TOOL.DP0.00098.001.01358.000.040.000",NA,"TOOL","Relative Humidity","dewPoint","Tower Top"
"NEON.D18.TOOL.DP0.00098.001.01358.003.000.000",99.4,"TOOL","Relative Humidity","dewPoint","Soil Plot 3"
"NEON.D18.TOOL.DP0.00098.001.01359.000.040.000",NA,"TOOL","Relative Humidity","RHStatus","Tower Top"
"NEON.D18.TOOL.DP0.00098.001.01359.003.000.000",99.5,"TOOL","Relative Humidity","RHStatus","Soil Plot 3"
"NEON.D18.TOOL.DP0.00102.001.02316.700.000.000",NA,"TOOL","Atmospheric CO2 Isotope","fwMoleCO2","Hut"
"NEON.D18.TOOL.DP0.00102.001.02325.700.000.000",NA,"TOOL","Atmospheric CO2 Isotope","percentFwMoleH2O","Hut"
"NEON.D18.TOOL.DP0.00103.001.02339.700.000.000",NA,"TOOL","Atmospheric H2O isotopes","ppmvFwMoleH2O","Hut"
"NEON.D18.TOOL.DP0.00104.001.02344.700.000.000",NA,"TOOL","Hut environment","tempHut","Hut"
"NEON.D18.TOOL.DP0.00104.001.02347.700.000.000",NA,"TOOL","Hut environment","H2OMixRatioHut","Hut"
"NEON.D18.TOOL.DP0.00105.001.02316.700.000.000",NA,"TOOL","ECSE profile CO2 & H2O concentration (storage)","fwMoleCO2","Hut"
"NEON.D18.TOOL.DP0.00105.001.02348.700.000.000",NA,"TOOL","ECSE profile CO2 & H2O concentration (storage)","fwMoleH2O","Hut"
"NEON.D18.TOOL.DP0.00106.001.01951.700.000.000",NA,"TOOL","ECSE profile mass flow controller (sampling)","frt0","Hut"
"NEON.D18.TOOL.DP0.00108.001.01948.700.010.000",NA,"TOOL","ECSE profile mass flow meter","presAtm","Hut, ML-1"
"NEON.D18.TOOL.DP0.00108.001.01948.700.020.000",NA,"TOOL","ECSE profile mass flow meter","presAtm","Hut, ML-2"
"NEON.D18.TOOL.DP0.00108.001.01948.700.030.000",NA,"TOOL","ECSE profile mass flow meter","presAtm","Hut, ML-3"
"NEON.D18.TOOL.DP0.00108.001.01948.700.040.000",NA,"TOOL","ECSE profile mass flow meter","presAtm","Hut, ML-4"
"NEON.D18.TOOL.DP0.00108.001.01951.700.010.000",NA,"TOOL","ECSE profile mass flow meter","frt0","Hut, ML-1"
"NEON.D18.TOOL.DP0.00108.001.01951.700.020.000",NA,"TOOL","ECSE profile mass flow meter","frt0","Hut, ML-2"
"NEON.D18.TOOL.DP0.00108.001.01951.700.030.000",NA,"TOOL","ECSE profile mass flow meter","frt0","Hut, ML-3"
"NEON.D18.TOOL.DP0.00108.001.01951.700.040.000",NA,"TOOL","ECSE profile mass flow meter","frt0","Hut, ML-4"
"NEON.D18.TOOL.DP0.00109.001.02196.000.010.000",NA,"TOOL","ECSE profile inlet pressure","presGage","Meas. Level 1"
"NEON.D18.TOOL.DP0.00109.001.02196.000.020.000",NA,"TOOL","ECSE profile inlet pressure","presGage","Meas. Level 2"
"NEON.D18.TOOL.DP0.00109.001.02196.000.030.000",NA,"TOOL","ECSE profile inlet pressure","presGage","Meas. Level 3"
"NEON.D18.TOOL.DP0.00109.001.02196.000.040.000",NA,"TOOL","ECSE profile inlet pressure","presGage","Tower Top"
"NEON.D18.TOOL.DP0.00112.001.02351.700.000.000",NA,"TOOL","ECSE profile sampling pump","pumpVoltage","Hut"
"NEON.D18.TOOL.DP0.00112.001.02351.700.010.000",NA,"TOOL","ECSE profile sampling pump","pumpVoltage","Hut, ML-1"
"NEON.D18.TOOL.DP0.00112.001.02351.700.020.000",NA,"TOOL","ECSE profile sampling pump","pumpVoltage","Hut, ML-2"
"NEON.D18.TOOL.DP0.00112.001.02351.700.030.000",NA,"TOOL","ECSE profile sampling pump","pumpVoltage","Hut, ML-3"
"NEON.D18.TOOL.DP0.00112.001.02351.700.040.000",NA,"TOOL","ECSE profile sampling pump","pumpVoltage","Hut, ML-4"
